1628.45
1628.45
1628.45
1628.45
1444.23
1444.23
1444.23
1444.23
1444.23
1444.23
1444.23
1444.23
1444.23
1444.23
1444.23
1444.23
1444.23
1444.23
1444.23
1444.23
1444.23
1444.23
1444.23
1444.23
1444.23
1444.23
1444.23
1444.23
1444.23
1444.23
1444.23
1444.23
1444.23
1444.23
1444.23
1444.23
1444.23
1444.23
1444.23
1444.23
1444.23
1444.23
1444.23
1444.23
1444.23
1444.23
1444.23
1444.23
1444.23
1444.23
1444.23
1444.23
1444.23
1444.23
1444.23
1444.23
1396.25
1396.25
1396.25
1396.25
1396.25
1396.25
1396.25
1396.25
1396.25
1396.25
1396.25
1396.25
1396.25
1396.25
1363.73
1363.73
1363.73
1363.73
1363.73
1363.73
1363.73
1363.73
1363.73
1363.73
1363.73
1363.73
1363.73
1363.73
1363.73
1363.73
1363.73
1363.73
1363.73
1363.73
1363.73
1363.73
1363.73
1363.73
1363.73
1363.73
1363.73
1363.73
1363.73
1363.73
1363.73
1363.73
1363.73
1363.73
1363.73
1363.73
1363.73
1363.73
1363.73
1363.73
1363.73
1363.73
1363.73
1363.73
1363.73
1363.73
1363.73
1363.73
1363.73
1363.73
1363.73
1363.73
1363.73
1363.73
1363.73
1363.73
1363.73
1363.73
1363.73
1363.73
1363.73
1363.73
1363.73
1363.73
1363.73
1363.73
1363.73
1363.73
1363.73
1363.73
1363.73
1363.73
1363.73
1363.73
1363.73
1363.73
1363.73
1363.73
1363.73
1363.73
1363.73
1363.73
1363.73
1363.73
1363.73
1363.73
1363.73
1363.73
1363.73
1363.73
1363.73
1363.73
1363.73
1363.73
1363.73
1363.73
1363.73
1363.73
1363.73
1363.73
1363.73
1363.73
1363.73
1363.73
1363.73
1363.73
1363.73
1363.73
1363.73
1363.73
1363.73
1363.73
1363.73
1363.73
1363.73
1363.73
1363.73
1363.73
1363.73
1363.73
1363.73
1363.73
1363.73
1363.73
1363.73
1363.73
1363.73
1363.73
1363.73
1363.73
