1606.19
1481.81
1415.11
1396.67
1383.96
1379.85
1379.85
1379.85
1379.85
1379.85
1379.85
1379.85
1379.85
1379.85
1379.85
1379.85
1379.85
1379.85
1379.85
1379.85
1379.85
1379.85
1379.85
1379.85
1379.85
1379.85
1379.85
1379.85
1379.85
1379.85
1379.85
1379.85
1379.85
1379.85
1379.85
1379.85
1370.28
1370.28
1370.28
1370.28
1370.28
1370.28
1370.28
1370.28
1370.28
1370.28
1370.28
1370.28
1370.28
1370.28
1370.28
1370.28
1370.28
1370.28
1370.28
1370.28
1370.28
1370.28
1370.28
1370.28
1370.28
1370.28
1370.28
1370.28
1370.28
1370.28
1370.28
1370.28
1370.28
1370.28
1370.28
1370.28
1370.28
1370.28
1370.28
1370.28
1370.28
1370.28
1370.28
1370.28
1370.28
1370.28
1370.28
1370.28
1370.28
1370.28
1370.28
1370.28
1370.28
1370.28
1370.28
1370.28
1370.28
1370.28
1370.28
1370.28
1370.28
1370.28
1370.28
1370.28
1370.28
1370.28
1370.28
1370.28
1370.28
1370.28
1370.28
1370.28
1370.28
1370.28
1370.28
1370.28
1370.28
1370.28
1370.28
1370.28
1370.28
1370.28
1370.28
1370.28
1370.28
1370.28
1370.28
1370.28
1370.28
1370.28
1370.28
1370.28
1370.28
1370.28
1370.28
1370.28
1370.28
1370.28
1370.28
1370.28
1370.28
1370.28
1370.28
1370.28
1370.28
1370.28
1370.28
1370.28
1370.28
1370.28
1370.28
1370.28
1370.28
1370.28
1370.28
1370.28
1370.28
1370.28
1370.28
1370.28
1370.28
1370.28
1370.28
1370.28
1370.28
1370.28
1370.28
1370.28
1370.28
1370.28
1370.28
1363.73
1359.63
1359.63
1359.63
1359.63
1359.63
1359.63
1359.63
1359.63
1359.63
1359.63
1359.63
1359.63
1359.63
1359.63
1359.63
1359.63
1359.63
1359.63
1359.63
1359.63
1359.63
1359.63
1359.63
1359.63
1359.63
1359.63
1359.63
1359.63
1359.63
1359.63
1359.63
1359.63
