1606.19
1481.81
1415.11
1396.67
1383.96
1379.85
1400.51
1412.57
1416
1416.41
1412.25
1413.23
1392.89
1396.67
1383.96
1404.3
1404.35
1416.41
1415.49
1404.67
1400.51
1379.85
1392.89
1396.67
1416.66
1413.23
1412.25
1412.57
1415.11
1396.67
1416.66
1613.27
1541.65
1473.86
1414.57
1390.61
1370.28
1374.06
1388.63
1409.34
1405.18
1410.34
1413.77
1413.85
1414.57
1390.61
1370.28
1394.37
1394.05
1409.34
1388.63
1408.97
1413.77
1410.34
1410.02
1390.61
1394.72
1394.37
1370.28
1384.52
1405.18
1408.97
1511.1
1439.48
1370.28
1374.06
1388.63
1408.97
1409.02
1414.18
1414.57
1409.34
1394.05
1413.85
1414.2
1410.34
1370.28
1384.52
1409.02
1414.18
1414.57
1409.34
1388.63
1374.06
1394.05
1394.37
1370.28
1620.96
1549.34
1513.85
1436.34
1383.96
1379.85
1392.89
1412.57
1416
1404.3
1383.96
1379.85
1392.89
1412.57
1400.51
1404.67
1404.35
1416.99
1392.89
1412.57
1400.51
1404.3
1383.96
1396.67
1417.33
1540.22
1462.71
1404.3
1383.96
1379.85
1392.89
1412.57
1400.51
1404.67
1404.35
1416.99
1392.89
1412.57
1400.51
1404.3
1383.96
1396.67
1417.33
1416.41
1404.35
1379.85
1383.96
1396.67
1417.33
1416.41
1539.44
1471.1
1412.25
1379.85
1383.96
1396.67
1415.11
1404.3
1404.35
1404.67
1416.66
1396.67
1415.11
1404.3
1400.51
1379.85
1392.89
1413.23
1415.49
1404.67
1383.96
1379.85
1392.89
1413.23
1415.49
1631.32
1543.97
1435.12
1411.24
1371.12
1363.73
1359.63
1372.04
1386.61
1387.65
1406.09
1403.93
1403.86
1411.11
1391.43
1363.73
1371.12
1372.04
1359.63
1399.7
1403.86
1411.24
1410.52
1385.37
1386.61
1387.65
1406.09
1391.11
1359.63
1363.73
1396.13
1415.93
1458.28
1416.59
1374.55
1360.3
1359.98
1371.69
