416693
416652
416611
416570
416529
416488
416447
416406
416365
416324
416283
416242
416201
416160
416119
416078
416037
415996
415955
415914
415873
415832
415791
415750
415709
415668
415627
415586
415545
415504
415463
415422
415381
415340
415299
415258
415217
415176
415135
415094
415053
415012
414971
414930
414889
414848
414807
414766
414725
414684
414643
414602
414561
414520
414479
414438
414397
414356
414315
414274
414233
414192
414151
414110
414069
414028
413987
413946
413905
413864
413823
413782
413741
413700
413659
413618
413577
413536
413495
413454
413413
413372
413331
413290
413249
413208
413167
413126
413085
413044
413003
412962
412921
412880
412839
412798
412757
412716
412675
412634
412593
412552
412511
412470
412429
412388
412347
412306
412265
412224
412183
412142
412101
412060
412019
411978
411937
411896
411855
411814
411773
411732
411691
411650
411609
411568
411527
411486
411445
411404
411363
411322
411281
411240
411199
411158
411117
411076
411035
410994
410953
410912
410871
410830
410789
410748
410707
410666
410625
410584
410543
410502
410461
410420
410379
410338
410297
410256
410215
410174
410133
410092
410051
410010
409969
409928
409887
409846
409805
409764
409723
409682
409641
409600
409559
409518
409477
409436
409395
409354
409313
409272
409231
409190
409149
409108
409067
409026
408985
408944
408903
408862
408821
408780
408739
408698
408657
408616
408575
408534
408493
408452
408411
408370
408329
408288
408247
408206
408165
408124
408083
408042
408001
407960
407919
407878
407837
407796
407755
407714
407673
407632
407591
407550
407509
407468
407427
407386
407345
407304
407263
407222
407181
407140
407099
407058
407017
406976
406935
406894
406853
406812
406771
406730
406689
406648
406607
406566
406525
406484
406443
406402
406361
406320
406279
406238
406197
406156
406115
406074
406033
405992
405951
405910
405869
405828
405787
405746
405705
405664
405623
405582
405541
405500
405459
405418
405377
405336
405295
405254
405213
405172
405131
405090
405049
405008
404967
404926
404885
404844
404803
404762
404721
404680
404639
404598
404557
404516
404475
404434
404393
404352
404311
404270
404229
404188
404147
404106
404065
404024
403983
403942
403901
403860
403819
403778
403737
403696
403655
403614
403573
403532
403491
403450
403409
403368
403327
403286
403245
403204
403163
403122
403081
403040
402999
402958
402917
402876
402835
402794
402753
402712
402671
402630
402589
402548
402507
402466
402425
402384
402343
402302
402261
402220
402179
402138
402097
402056
402015
401974
401933
401892
401851
401810
401769
401728
401687
401646
401605
401564
401523
401482
401441
401400
401359
401318
401277
401236
401195
401154
401113
401072
401031
400990
400949
400908
400867
400826
400785
400744
400703
400662
400621
400580
400539
400498
400457
400416
400375
400334
400293
400252
400211
400170
400129
400088
400047
400006
399965
399924
399883
399842
399801
399760
399719
399678
399637
399596
399555
399514
399473
399432
399391
399350
399309
399268
399227
399186
399145
399104
399063
399022
398981
398940
398899
398858
398817
398776
398735
398694
398653
398612
398571
398530
398489
398448
398407
398366
398325
398284
398243
398202
398161
398120
398079
398038
397997
397956
397915
397874
397833
397792
397751
397710
397669
397628
397587
397546
397505
397464
397423
397382
397341
397300
397259
397218
397177
397136
397095
397054
397013
396972
396931
396890
396849
396808
396767
396726
396685
396644
396603
396562
396521
396480
396439
396398
396357
396316
396275
396234
396193
396152
396111
396070
396029
395988
395947
395906
395865
395824
395783
395742
395701
395660
395619
395578
395537
395496
395455
395414
395373
395332
395291
395250
395209
395168
395127
395086
395045
395004
394963
394922
394881
394840
394799
394758
394717
394676
394635
394594
394553
394512
394471
394430
394389
394348
394307
394266
394225
394184
394143
394102
394061
394020
393979
393938
393897
393856
393815
393774
393733
393692
393651
393610
393569
393528
393487
393446
393405
393364
393323
393282
393241
393200
393159
393118
393077
393036
392995
392954
392913
392872
392831
392790
392749
392708
392667
392626
392585
392544
392503
392462
392421
392380
392339
392298
392257
392216
392175
392134
392093
392052
392011
391970
391929
391888
391847
391806
391765
391724
391683
391642
391601
391560
391519
391478
391437
391396
391355
391314
391273
391232
391191
391150
391109
391068
391027
390986
390945
390904
390863
390822
390781
390740
390699
390658
390617
390576
390535
390494
390453
390412
390371
390330
390289
390248
390207
390166
390125
390084
390043
390002
389961
389920
389879
389838
389797
389756
389715
389674
389633
389592
389551
389510
389469
389428
389387
389346
389305
389264
389223
389182
389141
389100
389059
389018
388977
388936
388895
388854
388813
388772
388731
388690
388649
388608
388567
388526
388485
388444
388403
388362
388321
388280
388239
388198
388157
388116
388075
388034
387993
387952
387911
387870
387829
387788
387747
387706
387665
387624
387583
387542
387501
387460
387419
387378
387337
387296
387255
387214
387173
387132
387091
387050
387009
386968
386927
386886
386845
386804
386763
386722
386681
386640
386599
386558
386517
386476
386435
386394
386353
386312
386271
386230
386189
386148
386107
386066
386025
385984
385943
385902
385861
385820
385779
385738
385697
385656
385615
385574
385533
385492
385451
385410
385369
385328
385287
385246
385205
385164
385123
385082
385041
385000
384959
384918
384877
384836
384795
384754
384713
384672
384631
384590
384549
384508
384467
384426
384385
384344
384303
384262
384221
384180
384139
384098
384057
384016
383975
383934
383893
383852
383811
383770
383729
383688
383647
383606
383565
383524
383483
383442
383401
383360
383319
383278
383237
383196
383155
383114
383073
383032
382991
382950
382909
382868
382827
382786
382745
382704
382663
382622
382581
382540
382499
382458
382417
382376
382335
382294
382253
382212
382171
382130
382089
382048
382007
381966
381925
381884
381843
381802
381761
381720
381679
381638
381597
381556
381515
381474
381433
381392
381351
381310
381269
381228
381187
381146
381105
381064
381023
380982
380941
380900
380859
380818
380777
380736
380695
380654
380613
380572
380531
380490
380449
380408
380367
380326
380285
380244
380203
380162
380121
380080
380039
379998
379957
379916
379875
379834
379793
379752
379711
379670
379629
379588
379547
379506
379465
379424
379383
379342
379301
379260
379219
379178
379137
379096
379055
379014
378973
378932
378891
378850
378809
378768
378727
378686
378645
378604
378563
378522
378481
378440
378399
378358
378317
378276
378235
378194
378153
378112
378071
378030
377989
377948
377907
377866
377825
377784
377743
377702
377661
377620
377579
377538
377497
377456
377415
377374
377333
377292
377251
377210
377169
377128
377087
377046
377005
376964
376923
376882
376841
376800
376759
376718
376677
376636
376595
376554
376513
376472
376431
376390
376349
376308
376267
376226
376185
376144
376103
376062
376021
375980
375939
375898
375857
375816
375775
375734
375693
375652
375611
375570
375529
375488
375447
375406
375365
375324
375283
375242
375201
375160
375119
375078
375037
374996
374955
374914
374873
374832
374791
374750
374709
374668
374627
374586
374545
374504
374463
374422
374381
374340
374299
374258
374217
374176
374135
374094
374053
374012
373971
373930
373889
373848
373807
373766
373725
373684
373643
373602
373561
373520
373479
373438
373397
373356
373315
373274
373233
373192
373151
373110
373069
373028
372987
372946
372905
372864
372823
372782
372741
372700
372659
372618
372577
372536
372495
372454
372413
372372
372331
372290
372249
372208
372167
372126
372085
372044
372003
371962
371921
371880
371839
371798
371757
371716
371675
371634
371593
371552
371511
371470
371429
371388
371347
371306
371265
371224
371183
371142
371101
371060
371019
370978
370937
370896
370855
370814
370773
370732
370691
370650
370609
370568
370527
370486
370445
370404
370363
370322
370281
370240
370199
370158
370117
370076
370035
369994
369953
369912
369871
369830
369789
369748
369707
369666
369625
369584
369543
369502
369461
369420
369379
369338
369297
369256
369215
369174
369133
369092
369051
369010
368969
368928
368887
368846
368805
368764
368723
368682
368641
368600
368559
368518
368477
368436
368395
368354
368313
368272
368231
368190
368149
368108
368067
368026
367985
367944
367903
367862
367821
367780
367739
367698
367657
367616
367575
367534
367493
367452
367411
367370
367329
367288
367247
367206
367165
367124
367083
367042
367001
366960
366919
366878
366837
366796
366755
366714
366673
366632
366591
366550
366509
366468
366427
366386
366345
366304
366263
366222
366181
366140
366099
366058
366017
365976
365935
365894
365853
365812
365771
365730
365689
365648
365607
365566
365525
365484
365443
365402
365361
365320
365279
365238
365197
365156
365115
365074
365033
364992
364951
364910
364869
364828
364787
364746
364705
364664
364623
364582
364541
364500
364459
364418
364377
364336
364295
364254
364213
364172
364131
364090
364049
364008
363967
363926
363885
363844
363803
363762
363721
363680
363639
363598
363557
363516
363475
363434
363393
363352
363311
363270
363229
363188
363147
363106
363065
363024
362983
362942
362901
362860
362819
362778
362737
362696
362655
362614
362573
362532
362491
362450
362409
362368
362327
362286
362245
362204
362163
362122
362081
362040
361999
361958
361917
361876
361835
361794
361753
361712
361671
361630
361589
361548
361507
361466
361425
361384
361343
361302
361261
361220
361179
361138
361097
361056
361015
360974
360933
360892
360851
360810
360769
360728
360687
360646
360605
360564
360523
360482
360441
360400
360359
360318
360277
360236
360195
360154
360113
360072
360031
359990
359949
359908
359867
359826
359785
359744
359703
359662
359621
359580
359539
359498
359457
359416
359375
359334
359293
359252
359211
359170
359129
359088
359047
359006
358965
358924
358883
358842
358801
358760
358719
358678
358637
358596
358555
358514
358473
358432
358391
358350
358309
358268
358227
358186
358145
358104
358063
358022
357981
357940
357899
357858
357817
357776
357735
357694
357653
357612
357571
357530
357489
357448
357407
357366
357325
357284
357243
357202
357161
357120
357079
357038
356997
356956
356915
356874
356833
356792
356751
356710
356669
356628
356587
356546
356505
356464
356423
356382
356341
356300
356259
356218
356177
356136
356095
356054
356013
355972
355931
355890
355849
355808
355767
355726
355685
355644
355603
355562
355521
355480
355439
355398
355357
355316
355275
355234
355193
355152
355111
355070
355029
354988
354947
354906
354865
354824
354783
354742
354701
354660
354619
354578
354537
354496
354455
354414
354373
354332
354291
354250
354209
354168
354127
354086
354045
354004
353963
353922
353881
353840
353799
353758
353717
353676
353635
353594
353553
353512
353471
353430
353389
353348
353307
353266
353225
353184
353143
353102
353061
353020
352979
352938
352897
352856
352815
352774
352733
352692
352651
352610
352569
352528
352487
352446
352405
352364
352323
352282
352241
352200
352159
352118
352077
352036
351995
351954
351913
351872
351831
351790
351749
351708
351667
351626
351585
351544
351503
351462
351421
351380
351339
351298
351257
351216
351175
351134
351093
351052
351011
350970
350929
350888
350847
350806
350765
350724
350683
350642
350601
350560
350519
350478
350437
350396
350355
350314
350273
350232
350191
350150
350109
350068
350027
349986
349945
349904
349863
349822
349781
349740
349699
349658
349617
349576
349535
349494
349453
349412
349371
349330
349289
349248
349207
349166
349125
349084
349043
349002
348961
348920
348879
348838
348797
348756
348715
348674
348633
348592
348551
348510
348469
348428
348387
348346
348305
348264
348223
348182
348141
348100
348059
348018
347977
347936
347895
347854
347813
347772
347731
347690
347649
347608
347567
347526
347485
347444
347403
347362
347321
347280
347239
347198
347157
347116
347075
347034
346993
346952
346911
346870
346829
346788
346747
346706
346665
346624
346583
346542
346501
346460
346419
346378
346337
346296
346255
346214
346173
346132
346091
346050
346009
345968
345927
345886
345845
345804
345763
345722
345681
345640
345599
345558
345517
345476
345435
345394
345353
345312
345271
345230
345189
345148
345107
345066
345025
344984
344943
344902
344861
344820
344779
344738
344697
344656
344615
344574
344533
344492
344451
344410
344369
344328
344287
344246
344205
344164
344123
344082
344041
344000
343959
343918
343877
343836
343795
343754
343713
343672
343631
343590
343549
343508
343467
343426
343385
343344
343303
343262
343221
343180
343139
343098
343057
343016
342975
342934
342893
342852
342811
342770
342729
342688
342647
342606
342565
342524
342483
342442
342401
342360
342319
342278
342237
342196
342155
342114
342073
342032
341991
341950
341909
341868
341827
341786
341745
341704
341663
341622
341581
341540
341499
341458
341417
341376
341335
341294
341253
341212
341171
341130
341089
341048
341007
340966
340925
340884
340843
340802
340761
340720
340679
340638
340597
340556
340515
340474
340433
340392
340351
340310
340269
340228
340187
340146
340105
340064
340023
339982
339941
339900
339859
339818
339777
339736
339695
339654
339613
339572
339531
339490
339449
339408
339367
339326
339285
339244
339203
339162
339121
339080
339039
338998
338957
338916
338875
338834
338793
338752
338711
338670
338629
338588
338547
338506
338465
338424
338383
338342
338301
338260
338219
338178
338137
338096
338055
338014
337973
337932
337891
337850
337809
337768
337727
337686
337645
337604
337563
337522
337481
337440
337399
337358
337317
337276
337235
337194
337153
337112
337071
337030
336989
336948
336907
336866
336825
336784
336743
336702
336661
336620
336579
336538
336497
336456
336415
336374
336333
336292
336251
336210
336169
336128
336087
336046
336005
335964
335923
335882
335841
335800
335759
335718
335677
335636
335595
335554
335513
335472
335431
335390
335349
335308
335267
335226
335185
335144
335103
335062
335021
334980
334939
334898
334857
334816
334775
334734
334693
334652
334611
334570
334529
334488
334447
334406
334365
334324
334283
334242
334201
334160
334119
334078
334037
333996
333955
333914
333873
333832
333791
333750
333709
333668
333627
333586
333545
333504
333463
333422
333381
333340
333299
333258
333217
333176
333135
333094
333053
333012
332971
332930
332889
332848
332807
332766
332725
332684
332643
332602
332561
332520
332479
332438
332397
332356
332315
332274
332233
332192
332151
332110
332069
332028
331987
331946
331905
331864
331823
331782
331741
331700
331659
331618
331577
331536
331495
331454
331413
331372
331331
331290
331249
331208
331167
331126
331085
331044
331003
330962
330921
330880
330839
330798
330757
330716
330675
330634
330593
330552
330511
330470
330429
330388
330347
330306
330265
330224
330183
330142
330101
330060
330019
329978
329937
329896
329855
329814
329773
329732
329691
329650
329609
329568
329527
329486
329445
329404
329363
329322
329281
329240
329199
329158
329117
329076
329035
328994
328953
328912
328871
328830
328789
328748
328707
328666
328625
328584
328543
328502
328461
328420
328379
328338
328297
328256
328215
328174
328133
328092
328051
328010
327969
327928
327887
327846
327805
327764
327723
327682
327641
327600
327559
327518
327477
327436
327395
327354
327313
327272
327231
327190
327149
327108
327067
327026
326985
326944
326903
326862
326821
326780
326739
326698
326657
326616
326575
326534
326493
326452
326411
326370
326329
326288
326247
326206
326165
326124
326083
326042
326001
325960
325919
325878
325837
325796
325755
325714
325673
325632
325591
325550
325509
325468
325427
325386
325345
325304
325263
325222
325181
325140
325099
325058
325017
324976
324935
324894
324853
324812
324771
324730
324689
324648
324607
324566
324525
324484
324443
324402
324361
324320
324279
324238
324197
324156
324115
324074
324033
323992
323951
323910
323869
323828
323787
323746
323705
323664
323623
323582
323541
323500
323459
323418
323377
323336
323295
323254
323213
323172
323131
323090
323049
323008
322967
322926
322885
322844
322803
322762
322721
322680
322639
322598
322557
322516
322475
322434
322393
322352
322311
322270
322229
322188
322147
322106
322065
322024
321983
321942
321901
321860
321819
321778
321737
321696
321655
321614
321573
321532
321491
321450
321409
321368
321327
321286
321245
321204
321163
321122
321081
321040
320999
320958
320917
320876
320835
320794
320753
320712
320671
320630
320589
320548
320507
320466
320425
320384
320343
320302
320261
320220
320179
320138
320097
320056
320015
319974
319933
319892
319851
319810
319769
319728
319687
319646
319605
319564
319523
319482
319441
319400
319359
319318
319277
319236
319195
319154
319113
319072
319031
318990
318949
318908
318867
318826
318785
318744
318703
318662
318621
318580
318539
318498
318457
318416
318375
318334
318293
318252
318211
318170
318129
318088
318047
318006
317965
317924
317883
317842
317801
317760
317719
317678
317637
317596
317555
317514
317473
317432
317391
317350
317309
317268
317227
317186
317145
317104
317063
317022
316981
316940
316899
316858
316817
316776
316735
316694
316653
316612
316571
316530
316489
316448
316407
316366
316325
316284
316243
316202
316161
316120
316079
316038
315997
315956
315915
315874
315833
315792
315751
315710
315669
315628
315587
315546
315505
315464
315423
315382
315341
315300
315259
315218
315177
315136
315095
315054
315013
314972
314931
314890
314849
314808
314767
314726
314685
314644
314603
314562
314521
314480
314439
314398
314357
314316
314275
314234
314193
314152
314111
314070
314029
313988
313947
313906
313865
313824
313783
313742
313701
313660
313619
313578
313537
313496
313455
313414
313373
313332
313291
313250
313209
313168
313127
313086
313045
313004
312963
312922
312881
312840
312799
312758
312717
312676
312635
312594
312553
312512
312471
312430
312389
312348
312307
312266
312225
312184
312143
312102
312061
312020
311979
311938
311897
311856
311815
311774
311733
311692
311651
311610
311569
311528
311487
311446
311405
311364
311323
311282
311241
311200
311159
311118
311077
311036
310995
310954
310913
310872
310831
310790
310749
310708
310667
310626
310585
310544
310503
310462
310421
310380
310339
310298
310257
310216
310175
310134
310093
310052
310011
309970
309929
309888
309847
309806
309765
309724
309683
309642
309601
309560
309519
309478
309437
309396
309355
309314
309273
309232
309191
309150
309109
309068
309027
308986
308945
308904
308863
308822
308781
308740
308699
308658
308617
308576
308535
308494
308453
308412
308371
308330
308289
308248
308207
308166
308125
308084
308043
308002
307961
307920
307879
307838
307797
307756
307715
307674
307633
307592
307551
307510
307469
307428
307387
307346
307305
307264
307223
307182
307141
307100
307059
307018
306977
306936
306895
306854
306813
306772
306731
306690
306649
306608
306567
306526
306485
306444
306403
306362
306321
306280
306239
306198
306157
306116
306075
306034
305993
305952
305911
305870
305829
305788
305747
305706
305665
305624
305583
305542
305501
305460
305419
305378
305337
305296
305255
305214
305173
305132
305091
305050
305009
304968
304927
304886
304845
304804
304763
304722
304681
304640
304599
304558
304517
304476
304435
304394
304353
304312
304271
304230
304189
304148
304107
304066
304025
303984
303943
303902
303861
303820
303779
303738
303697
303656
303615
303574
303533
303492
303451
303410
303369
303328
303287
303246
303205
303164
303123
303082
303041
303000
302959
302918
302877
302836
302795
302754
302713
302672
302631
302590
302549
302508
302467
302426
302385
302344
302303
302262
302221
302180
302139
302098
302057
302016
301975
301934
301893
301852
301811
301770
301729
301688
301647
301606
301565
301524
301483
301442
301401
301360
301319
301278
301237
301196
301155
301114
301073
301032
300991
300950
300909
300868
300827
300786
300745
300704
300663
300622
300581
300540
300499
300458
300417
300376
300335
300294
300253
300212
300171
300130
300089
300048
300007
299966
299925
299884
299843
299802
299761
299720
299679
299638
299597
299556
299515
299474
299433
299392
299351
299310
299269
299228
299187
299146
299105
299064
299023
298982
298941
298900
298859
298818
298777
298736
298695
298654
298613
298572
298531
298490
298449
298408
298367
298326
298285
298244
298203
298162
298121
298080
298039
297998
297957
297916
297875
297834
297793
297752
297711
297670
297629
297588
297547
297506
297465
297424
297383
297342
297301
297260
297219
297178
297137
297096
297055
297014
296973
296932
296891
296850
296809
296768
296727
296686
296645
296604
296563
296522
296481
296440
296399
296358
296317
296276
296235
296194
296153
296112
296071
296030
295989
295948
295907
295866
295825
295784
295743
295702
295661
295620
295579
295538
295497
295456
295415
295374
295333
295292
295251
295210
295169
295128
295087
295046
295005
294964
294923
294882
294841
294800
294759
294718
294677
294636
294595
294554
294513
294472
294431
294390
294349
294308
294267
294226
294185
294144
294103
294062
294021
293980
293939
293898
293857
293816
293775
293734
293693
293652
293611
293570
293529
293488
293447
293406
293365
293324
293283
293242
293201
293160
293119
293078
293037
292996
292955
292914
292873
292832
292791
292750
292709
292668
292627
292586
292545
292504
292463
292422
292381
292340
292299
292258
292217
292176
292135
292094
292053
292012
291971
291930
291889
291848
291807
291766
291725
291684
291643
291602
291561
291520
291479
291438
291397
291356
291315
291274
291233
291192
291151
291110
291069
291028
290987
290946
290905
290864
290823
290782
290741
290700
290659
290618
290577
290536
290495
290454
290413
290372
290331
290290
290249
290208
290167
290126
290085
290044
290003
289962
289921
289880
289839
289798
289757
289716
289675
289634
289593
289552
289511
289470
289429
289388
289347
289306
289265
289224
289183
289142
289101
289060
289019
288978
288937
288896
288855
288814
288773
288732
288691
288650
288609
288568
288527
288486
288445
288404
288363
288322
288281
288240
288199
288158
288117
288076
288035
287994
287953
287912
287871
287830
287789
287748
287707
287666
287625
287584
287543
287502
287461
287420
287379
287338
287297
287256
287215
287174
287133
287092
287051
287010
286969
286928
286887
286846
286805
286764
286723
286682
286641
286600
286559
286518
286477
286436
286395
286354
286313
286272
286231
286190
286149
286108
286067
286026
285985
285944
285903
285862
285821
285780
285739
285698
285657
285616
285575
285534
285493
285452
285411
285370
285329
285288
285247
285206
285165
285124
285083
285042
285001
284960
284919
284878
284837
284796
284755
284714
284673
284632
284591
284550
284509
284468
284427
284386
284345
284304
284263
284222
284181
284140
284099
284058
284017
283976
283935
283894
283853
283812
283771
283730
283689
283648
283607
283566
283525
283484
283443
283402
283361
283320
283279
283238
283197
283156
283115
283074
283033
282992
282951
282910
282869
282828
282787
282746
282705
282664
282623
282582
282541
282500
282459
282418
282377
282336
282295
282254
282213
282172
282131
282090
282049
282008
281967
281926
281885
281844
281803
281762
281721
281680
281639
281598
281557
281516
281475
281434
281393
281352
281311
281270
281229
281188
281147
281106
281065
281024
280983
280942
280901
280860
280819
280778
280737
280696
280655
280614
280573
280532
280491
280450
280409
280368
280327
280286
280245
280204
280163
280122
280081
280040
279999
279958
279917
279876
279835
279794
279753
279712
279671
279630
279589
279548
279507
279466
279425
279384
279343
279302
279261
279220
279179
279138
279097
279056
279015
278974
278933
278892
278851
278810
278769
278728
278687
278646
278605
278564
278523
278482
278441
278400
278359
278318
278277
278236
278195
278154
278113
278072
278031
277990
277949
277908
277867
277826
277785
277744
277703
277662
277621
277580
277539
277498
277457
277416
277375
277334
277293
277252
277211
277170
277129
277088
277047
277006
276965
276924
276883
276842
276801
276760
276719
276678
276637
276596
276555
276514
276473
276432
276391
276350
276309
276268
276227
276186
276145
276104
276063
276022
275981
275940
275899
275858
275817
275776
275735
275694
275653
275612
275571
275530
275489
275448
275407
275366
275325
275284
275243
275202
275161
275120
275079
275038
274997
274956
274915
274874
274833
274792
274751
274710
274669
274628
274587
274546
274505
274464
274423
274382
274341
274300
274259
274218
274177
274136
274095
274054
274013
273972
273931
273890
273849
273808
273767
273726
273685
273644
273603
273562
273521
273480
273439
273398
273357
273316
273275
273234
273193
273152
273111
273070
273029
272988
272947
272906
272865
272824
272783
272742
272701
272660
272619
272578
272537
272496
272455
272414
272373
272332
272291
272250
272209
272168
272127
272086
272045
272004
271963
271922
271881
271840
271799
271758
271717
271676
271635
271594
271553
271512
271471
271430
271389
271348
271307
271266
271225
271184
271143
271102
271061
271020
270979
270938
270897
270856
270815
270774
270733
270692
270651
270610
270569
270528
270487
270446
270405
270364
270323
270282
270241
270200
270159
270118
270077
270036
269995
269954
269913
269872
269831
269790
269749
269708
269667
269626
269585
269544
269503
269462
269421
269380
269339
269298
269257
269216
269175
269134
269093
269052
269011
268970
268929
268888
268847
268806
268765
268724
268683
268642
268601
268560
268519
268478
268437
268396
268355
268314
268273
268232
268191
268150
268109
268068
268027
267986
267945
267904
267863
267822
267781
267740
267699
267658
267617
267576
267535
267494
267453
267412
267371
267330
267289
267248
267207
267166
267125
267084
267043
267002
266961
266920
266879
266838
266797
266756
266715
266674
266633
266592
266551
266510
266469
266428
266387
266346
266305
266264
266223
266182
266141
266100
266059
266018
265977
265936
265895
265854
265813
265772
265731
265690
265649
265608
265567
265526
265485
265444
265403
265362
265321
265280
265239
265198
265157
265116
265075
265034
264993
264952
264911
264870
264829
264788
264747
264706
264665
264624
264583
264542
264501
264460
264419
264378
264337
264296
264255
264214
264173
264132
264091
264050
264009
263968
263927
263886
263845
263804
263763
263722
263681
263640
263599
263558
263517
263476
263435
263394
263353
263312
263271
263230
263189
263148
263107
263066
263025
262984
262943
262902
262861
262820
262779
262738
262697
262656
262615
262574
262533
262492
262451
262410
262369
262328
262287
262246
262205
262164
262123
262082
262041
262000
261959
261918
261877
261836
261795
261754
261713
261672
261631
261590
261549
261508
261467
261426
261385
261344
261303
261262
261221
261180
261139
261098
261057
261016
260975
260934
260893
260852
260811
260770
260729
260688
260647
260606
260565
260524
260483
260442
260401
260360
260319
260278
260237
260196
260155
260114
260073
260032
259991
259950
259909
259868
259827
259786
259745
259704
259663
259622
259581
259540
259499
259458
259417
259376
259335
259294
259253
259212
259171
259130
259089
259048
259007
258966
258925
258884
258843
258802
258761
258720
258679
258638
258597
258556
258515
258474
258433
258392
258351
258310
258269
258228
258187
258146
258105
258064
258023
257982
257941
257900
257859
257818
257777
257736
257695
257654
257613
257572
257531
257490
257449
257408
257367
257326
257285
257244
257203
257162
257121
257080
257039
256998
256957
256916
256875
256834
256793
256752
256711
256670
256629
256588
256547
256506
256465
256424
256383
256342
256301
256260
256219
256178
256137
256096
256055
256014
255973
255932
255891
255850
255809
255768
255727
255686
255645
255604
255563
255522
255481
255440
255399
255358
255317
255276
255235
255194
255153
255112
255071
255030
254989
254948
254907
254866
254825
254784
254743
254702
254661
254620
254579
254538
254497
254456
254415
254374
254333
254292
254251
254210
254169
254128
254087
254046
254005
253964
253923
253882
253841
253800
253759
253718
253677
253636
253595
253554
253513
253472
253431
253390
253349
253308
253267
253226
253185
253144
253103
253062
253021
252980
252939
252898
252857
252816
252775
252734
252693
252652
252611
252570
252529
252488
252447
252406
252365
252324
252283
252242
252201
252160
252119
252078
252037
251996
251955
251914
251873
251832
251791
251750
251709
251668
251627
251586
251545
251504
251463
251422
251381
251340
251299
251258
251217
251176
251135
251094
251053
251012
250971
250930
250889
250848
250807
250766
250725
250684
250643
250602
250561
250520
250479
250438
250397
250356
250315
250274
250233
250192
250151
250110
250069
250028
249987
249946
249905
249864
249823
249782
249741
249700
249659
249618
249577
249536
249495
249454
249413
249372
249331
249290
249249
249208
249167
249126
249085
249044
249003
248962
248921
248880
248839
248798
248757
248716
248675
248634
248593
248552
248511
248470
248429
248388
248347
248306
248265
248224
248183
248142
248101
248060
248019
247978
247937
247896
247855
247814
247773
247732
247691
247650
247609
247568
247527
247486
247445
247404
247363
247322
247281
247240
247199
247158
247117
247076
247035
246994
246953
246912
246871
246830
246789
246748
246707
246666
246625
246584
246543
246502
246461
246420
246379
246338
246297
246256
246215
246174
246133
246092
246051
246010
245969
245928
245887
245846
245805
245764
245723
245682
245641
245600
245559
245518
245477
245436
245395
245354
245313
245272
245231
245190
245149
245108
245067
245026
244985
244944
244903
244862
244821
244780
244739
244698
244657
244616
244575
244534
244493
244452
244411
244370
244329
244288
244247
244206
244165
244124
244083
244042
244001
243960
243919
243878
243837
243796
243755
243714
243673
243632
243591
243550
243509
243468
243427
243386
243345
243304
243263
243222
243181
243140
243099
243058
243017
242976
242935
242894
242853
242812
242771
242730
242689
242648
242607
242566
242525
242484
242443
242402
242361
242320
242279
242238
242197
242156
242115
242074
242033
241992
241951
241910
241869
241828
241787
241746
241705
241664
241623
241582
241541
241500
241459
241418
241377
241336
241295
241254
241213
241172
241131
241090
241049
241008
240967
240926
240885
240844
240803
240762
240721
240680
240639
240598
240557
240516
240475
240434
240393
240352
240311
240270
240229
240188
240147
240106
240065
240024
239983
239942
239901
239860
239819
239778
239737
239696
239655
239614
239573
239532
239491
239450
239409
239368
239327
239286
239245
239204
239163
239122
239081
239040
238999
238958
238917
238876
238835
238794
238753
238712
238671
238630
238589
238548
238507
238466
238425
238384
238343
238302
238261
238220
238179
238138
238097
238056
238015
237974
237933
237892
237851
237810
237769
237728
237687
237646
237605
237564
237523
237482
237441
237400
237359
237318
237277
237236
237195
237154
237113
237072
237031
236990
236949
236908
236867
236826
236785
236744
236703
236662
236621
236580
236539
236498
236457
236416
236375
236334
236293
236252
236211
236170
236129
236088
236047
236006
235965
235924
235883
235842
235801
235760
235719
235678
235637
235596
235555
235514
235473
235432
235391
235350
235309
235268
235227
235186
235145
235104
235063
235022
234981
234940
234899
234858
234817
234776
234735
234694
234653
234612
234571
234530
234489
234448
234407
234366
234325
234284
234243
234202
234161
234120
234079
234038
233997
233956
233915
233874
233833
233792
233751
233710
233669
233628
233587
233546
233505
233464
233423
233382
233341
233300
233259
233218
233177
233136
233095
233054
233013
232972
232931
232890
232849
232808
232767
232726
232685
232644
232603
232562
232521
232480
232439
232398
232357
232316
232275
232234
232193
232152
232111
232070
232029
231988
231947
231906
231865
231824
231783
231742
231701
231660
231619
231578
231537
231496
231455
231414
231373
231332
231291
231250
231209
231168
231127
231086
231045
231004
230963
230922
230881
230840
230799
230758
230717
230676
230635
230594
230553
230512
230471
230430
230389
230348
230307
230266
230225
230184
230143
230102
230061
230020
229979
229938
229897
229856
229815
229774
229733
229692
229651
229610
229569
229528
229487
229446
229405
229364
229323
229282
229241
229200
229159
229118
229077
229036
228995
228954
228913
228872
228831
228790
228749
228708
228667
228626
228585
228544
228503
228462
228421
228380
228339
228298
228257
228216
228175
228134
228093
228052
228011
227970
227929
227888
227847
227806
227765
227724
227683
227642
227601
227560
227519
227478
227437
227396
227355
227314
227273
227232
227191
227150
227109
227068
227027
226986
226945
226904
226863
226822
226781
226740
226699
226658
226617
226576
226535
226494
226453
226412
226371
226330
226289
226248
226207
226166
226125
226084
226043
226002
225961
225920
225879
225838
225797
225756
225715
225674
225633
225592
225551
225510
225469
225428
225387
225346
225305
225264
225223
225182
225141
225100
225059
225018
224977
224936
224895
224854
224813
224772
224731
224690
224649
224608
224567
224526
224485
224444
224403
224362
224321
224280
224239
224198
224157
224116
224075
224034
223993
223952
223911
223870
223829
223788
223747
223706
223665
223624
223583
223542
223501
223460
223419
223378
223337
223296
223255
223214
223173
223132
223091
223050
223009
222968
222927
222886
222845
222804
222763
222722
222681
222640
222599
222558
222517
222476
222435
222394
222353
222312
222271
222230
222189
222148
222107
222066
222025
221984
221943
221902
221861
221820
221779
221738
221697
221656
221615
221574
221533
221492
221451
221410
221369
221328
221287
221246
221205
221164
221123
221082
221041
221000
220959
220918
220877
220836
220795
220754
220713
220672
220631
220590
220549
220508
220467
220426
220385
220344
220303
220262
220221
220180
220139
220098
220057
220016
219975
219934
219893
219852
219811
219770
219729
219688
219647
219606
219565
219524
219483
219442
219401
219360
219319
219278
219237
219196
219155
219114
219073
219032
218991
218950
218909
218868
218827
218786
218745
218704
218663
218622
218581
218540
218499
218458
218417
218376
218335
218294
218253
218212
218171
218130
218089
218048
218007
217966
217925
217884
217843
217802
217761
217720
217679
217638
217597
217556
217515
217474
217433
217392
217351
217310
217269
217228
217187
217146
217105
217064
217023
216982
216941
216900
216859
216818
216777
216736
216695
216654
216613
216572
216531
216490
216449
216408
216367
216326
216285
216244
216203
216162
216121
216080
216039
215998
215957
215916
215875
215834
215793
215752
215711
215670
215629
215588
215547
215506
215465
215424
215383
215342
215301
215260
215219
215178
215137
215096
215055
215014
214973
214932
214891
214850
214809
214768
214727
214686
214645
214604
214563
214522
214481
214440
214399
214358
214317
214276
214235
214194
214153
214112
214071
214030
213989
213948
213907
213866
213825
213784
213743
213702
213661
213620
213579
213538
213497
213456
213415
213374
213333
213292
213251
213210
213169
213128
213087
213046
213005
212964
212923
212882
212841
212800
212759
212718
212677
212636
212595
212554
212513
212472
212431
212390
212349
212308
212267
212226
212185
212144
212103
212062
212021
211980
211939
211898
211857
211816
211775
211734
211693
211652
211611
211570
211529
211488
211447
211406
211365
211324
211283
211242
211201
211160
211119
211078
211037
210996
210955
210914
210873
210832
210791
210750
210709
210668
210627
210586
210545
210504
210463
210422
210381
210340
210299
210258
210217
210176
210135
210094
210053
210012
209971
209930
209889
209848
209807
209766
209725
209684
209643
209602
209561
209520
209479
209438
209397
209356
209315
209274
209233
209192
209151
209110
209069
209028
208987
208946
208905
208864
208823
208782
208741
208700
208659
208618
208577
208536
208495
208454
208413
208372
208331
208290
208249
208208
208167
208126
208085
208044
208003
207962
207921
207880
207839
207798
207757
207716
207675
207634
207593
207552
207511
207470
207429
207388
207347
207306
207265
207224
207183
207142
207101
207060
207019
206978
206937
206896
206855
206814
206773
206732
206691
206650
206609
206568
206527
206486
206445
206404
206363
206322
206281
206240
206199
206158
206117
206076
206035
205994
205953
205912
205871
205830
205789
205748
205707
205666
205625
205584
205543
205502
205461
205420
205379
205338
205297
205256
205215
205174
205133
205092
205051
205010
204969
204928
204887
204846
204805
204764
204723
204682
204641
204600
204559
204518
204477
204436
204395
204354
204313
204272
204231
204190
204149
204108
204067
204026
203985
203944
203903
203862
203821
203780
203739
203698
203657
203616
203575
203534
203493
203452
203411
203370
203329
203288
203247
203206
203165
203124
203083
203042
203001
202960
202919
202878
202837
202796
202755
202714
202673
202632
202591
202550
202509
202468
202427
202386
202345
202304
202263
202222
202181
202140
202099
202058
202017
201976
201935
201894
201853
201812
201771
201730
201689
201648
201607
201566
201525
201484
201443
201402
201361
201320
201279
201238
201197
201156
201115
201074
201033
200992
200951
200910
200869
200828
200787
200746
200705
200664
200623
200582
200541
200500
200459
200418
200377
200336
200295
200254
200213
200172
200131
200090
200049
200008
199967
199926
199885
199844
199803
199762
199721
199680
199639
199598
199557
199516
199475
199434
199393
199352
199311
199270
199229
199188
199147
199106
199065
199024
198983
198942
198901
198860
198819
198778
198737
198696
198655
198614
198573
198532
198491
198450
198409
198368
198327
198286
198245
198204
198163
198122
198081
198040
197999
197958
197917
197876
197835
197794
197753
197712
197671
197630
197589
197548
197507
197466
197425
197384
197343
197302
197261
197220
197179
197138
197097
197056
197015
196974
196933
196892
196851
196810
196769
196728
196687
196646
196605
196564
196523
196482
196441
196400
196359
196318
196277
196236
196195
196154
196113
196072
196031
195990
195949
195908
195867
195826
195785
195744
195703
195662
195621
195580
195539
195498
195457
195416
195375
195334
195293
195252
195211
195170
195129
195088
195047
195006
194965
194924
194883
194842
194801
194760
194719
194678
194637
194596
194555
194514
194473
194432
194391
194350
194309
194268
194227
194186
194145
194104
194063
194022
193981
193940
193899
193858
193817
193776
193735
193694
193653
193612
193571
193530
193489
193448
193407
193366
193325
193284
193243
193202
193161
193120
193079
193038
192997
192956
192915
192874
192833
192792
192751
192710
192669
192628
192587
192546
192505
192464
192423
192382
192341
192300
192259
192218
192177
192136
192095
192054
192013
191972
191931
191890
191849
191808
191767
191726
191685
191644
191603
191562
191521
191480
191439
191398
191357
191316
191275
191234
191193
191152
191111
191070
191029
190988
190947
190906
190865
190824
190783
190742
190701
190660
190619
190578
190537
190496
190455
190414
190373
190332
190291
190250
190209
190168
190127
190086
190045
190004
189963
189922
189881
189840
189799
189758
189717
189676
189635
189594
189553
189512
189471
189430
189389
189348
189307
189266
189225
189184
189143
189102
189061
189020
188979
188938
188897
188856
188815
188774
188733
188692
188651
188610
188569
188528
188487
188446
188405
188364
188323
188282
188241
188200
188159
188118
188077
188036
187995
187954
187913
187872
187831
187790
187749
187708
187667
187626
187585
187544
187503
187462
187421
187380
187339
187298
187257
187216
187175
187134
187093
187052
187011
186970
186929
186888
186847
186806
186765
186724
186683
186642
186601
186560
186519
186478
186437
186396
186355
186314
186273
186232
186191
186150
186109
186068
186027
185986
185945
185904
185863
185822
185781
185740
185699
185658
185617
185576
185535
185494
185453
185412
185371
185330
185289
185248
185207
185166
185125
185084
185043
185002
184961
184920
184879
184838
184797
184756
184715
184674
184633
184592
184551
184510
184469
184428
184387
184346
184305
184264
184223
184182
184141
184100
184059
184018
183977
183936
183895
183854
183813
183772
183731
183690
183649
183608
183567
183526
183485
183444
183403
183362
183321
183280
183239
183198
183157
183116
183075
183034
182993
182952
182911
182870
182829
182788
182747
182706
182665
182624
182583
182542
182501
182460
182419
182378
182337
182296
182255
182214
182173
182132
182091
182050
182009
181968
181927
181886
181845
181804
181763
181722
181681
181640
181599
181558
181517
181476
181435
181394
181353
181312
181271
181230
181189
181148
181107
181066
181025
180984
180943
180902
180861
180820
180779
180738
180697
180656
180615
180574
180533
180492
180451
180410
180369
180328
180287
180246
180205
180164
180123
180082
180041
180000
179959
179918
179877
179836
179795
179754
179713
179672
179631
179590
179549
179508
179467
179426
179385
179344
179303
179262
179221
179180
179139
179098
179057
179016
178975
178934
178893
178852
178811
178770
178729
178688
178647
178606
178565
178524
178483
178442
178401
178360
178319
178278
178237
178196
178155
178114
178073
178032
177991
177950
177909
177868
177827
177786
177745
177704
177663
177622
177581
177540
177499
177458
177417
177376
177335
177294
177253
177212
177171
177130
177089
177048
177007
176966
176925
176884
176843
176802
176761
176720
176679
176638
176597
176556
176515
176474
176433
176392
176351
176310
176269
176228
176187
176146
176105
176064
176023
175982
175941
175900
175859
175818
175777
175736
175695
175654
175613
175572
175531
175490
175449
175408
175367
175326
175285
175244
175203
175162
175121
175080
175039
174998
174957
174916
174875
174834
174793
174752
174711
174670
174629
174588
174547
174506
174465
174424
174383
174342
174301
174260
174219
174178
174137
174096
174055
174014
173973
173932
173891
173850
173809
173768
173727
173686
173645
173604
173563
173522
173481
173440
173399
173358
173317
173276
173235
173194
173153
173112
173071
173030
172989
172948
172907
172866
172825
172784
172743
172702
172661
172620
172579
172538
172497
172456
172415
172374
172333
172292
172251
172210
172169
172128
172087
172046
172005
171964
171923
171882
171841
171800
171759
171718
171677
171636
171595
171554
171513
171472
171431
171390
171349
171308
171267
171226
171185
171144
171103
171062
171021
170980
170939
170898
170857
170816
170775
170734
170693
170652
170611
170570
170529
170488
170447
170406
170365
170324
170283
170242
170201
170160
170119
170078
170037
169996
169955
169914
169873
169832
169791
169750
169709
169668
169627
169586
169545
169504
169463
169422
169381
169340
169299
169258
169217
169176
169135
169094
169053
169012
168971
168930
168889
168848
168807
168766
168725
168684
168643
168602
168561
168520
168479
168438
168397
168356
168315
168274
168233
168192
168151
168110
168069
168028
167987
167946
167905
167864
167823
167782
167741
167700
167659
167618
167577
167536
167495
167454
167413
167372
167331
167290
167249
167208
167167
167126
167085
167044
167003
166962
166921
166880
166839
166798
166757
166716
166675
166634
166593
166552
166511
166470
166429
166388
166347
166306
166265
166224
166183
166142
166101
166060
166019
165978
165937
165896
165855
165814
165773
165732
165691
165650
165609
165568
165527
165486
165445
165404
165363
165322
165281
165240
165199
165158
165117
165076
165035
164994
164953
164912
164871
164830
164789
164748
164707
164666
164625
164584
164543
164502
164461
164420
164379
164338
164297
164256
164215
164174
164133
164092
164051
164010
163969
163928
163887
163846
163805
163764
163723
163682
163641
163600
163559
163518
163477
163436
163395
163354
163313
163272
163231
163190
163149
163108
163067
163026
162985
162944
162903
162862
162821
162780
162739
162698
162657
162616
162575
162534
162493
162452
162411
162370
162329
162288
162247
162206
162165
162124
162083
162042
162001
161960
161919
161878
161837
161796
161755
161714
161673
161632
161591
161550
161509
161468
161427
161386
161345
161304
161263
161222
161181
161140
161099
161058
161017
160976
160935
160894
160853
160812
160771
160730
160689
160648
160607
160566
160525
160484
160443
160402
160361
160320
160279
160238
160197
160156
160115
160074
160033
159992
159951
159910
159869
159828
159787
159746
159705
159664
159623
159582
159541
159500
159459
159418
159377
159336
159295
159254
159213
159172
159131
159090
159049
159008
158967
158926
158885
158844
158803
158762
158721
158680
158639
158598
158557
158516
158475
158434
158393
158352
158311
158270
158229
158188
158147
158106
158065
158024
157983
157942
157901
157860
157819
157778
157737
157696
157655
157614
157573
157532
157491
157450
157409
157368
157327
157286
157245
157204
157163
157122
157081
157040
156999
156958
156917
156876
156835
156794
156753
156712
156671
156630
156589
156548
156507
156466
156425
156384
156343
156302
156261
156220
156179
156138
156097
156056
156015
155974
155933
155892
155851
155810
155769
155728
155687
155646
155605
155564
155523
155482
155441
155400
155359
155318
155277
155236
155195
155154
155113
155072
155031
154990
154949
154908
154867
154826
154785
154744
154703
154662
154621
154580
154539
154498
154457
154416
154375
154334
154293
154252
154211
154170
154129
154088
154047
154006
153965
153924
153883
153842
153801
153760
153719
153678
153637
153596
153555
153514
153473
153432
153391
153350
153309
153268
153227
153186
153145
153104
153063
153022
152981
152940
152899
152858
152817
152776
152735
152694
152653
152612
152571
152530
152489
152448
152407
152366
152325
152284
152243
152202
152161
152120
152079
152038
151997
151956
151915
151874
151833
151792
151751
151710
151669
151628
151587
151546
151505
151464
151423
151382
151341
151300
151259
151218
151177
151136
151095
151054
151013
150972
150931
150890
150849
150808
150767
150726
150685
150644
150603
150562
150521
150480
150439
150398
150357
150316
150275
150234
150193
150152
150111
150070
150029
149988
149947
149906
149865
149824
149783
149742
149701
149660
149619
149578
149537
149496
149455
149414
149373
149332
149291
149250
149209
149168
149127
149086
149045
149004
148963
148922
148881
148840
148799
148758
148717
148676
148635
148594
148553
148512
148471
148430
148389
148348
148307
148266
148225
148184
148143
148102
148061
148020
147979
147938
147897
147856
147815
147774
147733
147692
147651
147610
147569
147528
147487
147446
147405
147364
147323
147282
147241
147200
147159
147118
147077
147036
146995
146954
146913
146872
146831
146790
146749
146708
146667
146626
146585
146544
146503
146462
146421
146380
146339
146298
146257
146216
146175
146134
146093
146052
146011
145970
145929
145888
145847
145806
145765
145724
145683
145642
145601
145560
145519
145478
145437
145396
145355
145314
145273
145232
145191
145150
145109
145068
145027
144986
144945
144904
144863
144822
144781
144740
144699
144658
144617
144576
144535
144494
144453
144412
144371
144330
144289
144248
144207
144166
144125
144084
144043
144002
143961
143920
143879
143838
143797
143756
143715
143674
143633
143592
143551
143510
143469
143428
143387
143346
143305
143264
143223
143182
143141
143100
143059
143018
142977
142936
142895
142854
142813
142772
142731
142690
142649
142608
142567
142526
142485
142444
142403
142362
142321
142280
142239
142198
142157
142116
142075
142034
141993
141952
141911
141870
141829
141788
141747
141706
141665
141624
141583
141542
141501
141460
141419
141378
141337
141296
141255
141214
141173
141132
141091
141050
141009
140968
140927
140886
140845
140804
140763
140722
140681
140640
140599
140558
140517
140476
140435
140394
140353
140312
140271
140230
140189
140148
140107
140066
140025
139984
139943
139902
139861
139820
139779
139738
139697
139656
139615
139574
139533
139492
139451
139410
139369
139328
139287
139246
139205
139164
139123
139082
139041
139000
138959
138918
138877
138836
138795
138754
138713
138672
138631
138590
138549
138508
138467
138426
138385
138344
138303
138262
138221
138180
138139
138098
138057
138016
137975
137934
137893
137852
137811
137770
137729
137688
137647
137606
137565
137524
137483
137442
137401
137360
137319
137278
137237
137196
137155
137114
137073
137032
136991
136950
136909
136868
136827
136786
136745
136704
136663
136622
136581
136540
136499
136458
136417
136376
136335
136294
136253
136212
136171
136130
136089
136048
136007
135966
135925
135884
135843
135802
135761
135720
135679
135638
135597
135556
135515
135474
135433
135392
135351
135310
135269
135228
135187
135146
135105
135064
135023
134982
134941
134900
134859
134818
134777
134736
134695
134654
134613
134572
134531
134490
134449
134408
134367
134326
134285
134244
134203
134162
134121
134080
134039
133998
133957
133916
133875
133834
133793
133752
133711
133670
133629
133588
133547
133506
133465
133424
133383
133342
133301
133260
133219
133178
133137
133096
133055
133014
132973
132932
132891
132850
132809
132768
132727
132686
132645
132604
132563
132522
132481
132440
132399
132358
132317
132276
132235
132194
132153
132112
132071
132030
131989
131948
131907
131866
131825
131784
131743
131702
131661
131620
131579
131538
131497
131456
131415
131374
131333
131292
131251
131210
131169
131128
131087
131046
131005
130964
130923
130882
130841
130800
130759
130718
130677
130636
130595
130554
130513
130472
130431
130390
130349
130308
130267
130226
130185
130144
130103
130062
130021
129980
129939
129898
129857
129816
129775
129734
129693
129652
129611
129570
129529
129488
129447
129406
129365
129324
129283
129242
129201
129160
129119
129078
129037
128996
128955
128914
128873
128832
128791
128750
128709
128668
128627
128586
128545
128504
128463
128422
128381
128340
128299
128258
128217
128176
128135
128094
128053
128012
127971
127930
127889
127848
127807
127766
127725
127684
127643
127602
127561
127520
127479
127438
127397
127356
127315
127274
127233
127192
127151
127110
127069
127028
126987
126946
126905
126864
126823
126782
126741
126700
126659
126618
126577
126536
126495
126454
126413
126372
126331
126290
126249
126208
126167
126126
126085
126044
126003
125962
125921
125880
125839
125798
125757
125716
125675
125634
125593
125552
125511
125470
125429
125388
125347
125306
125265
125224
125183
125142
125101
125060
125019
124978
124937
124896
124855
124814
124773
124732
124691
124650
124609
124568
124527
124486
124445
124404
124363
124322
124281
124240
124199
124158
124117
124076
124035
123994
123953
123912
123871
123830
123789
123748
123707
123666
123625
123584
123543
123502
123461
123420
123379
123338
123297
123256
123215
123174
123133
123092
123051
123010
122969
122928
122887
122846
122805
122764
122723
122682
122641
122600
122559
122518
122477
122436
122395
122354
122313
122272
122231
122190
122149
122108
122067
122026
121985
121944
121903
121862
121821
121780
121739
121698
121657
121616
121575
121534
121493
121452
121411
121370
121329
121288
121247
121206
121165
121124
121083
121042
121001
120960
120919
120878
120837
120796
120755
120714
120673
120632
120591
120550
120509
120468
120427
120386
120345
120304
120263
120222
120181
120140
120099
120058
120017
119976
119935
119894
119853
119812
119771
119730
119689
119648
119607
119566
119525
119484
119443
119402
119361
119320
119279
119238
119197
119156
119115
119074
119033
118992
118951
118910
118869
118828
118787
118746
118705
118664
118623
118582
118541
118500
118459
118418
118377
118336
118295
118254
118213
118172
118131
118090
118049
118008
117967
117926
117885
117844
117803
117762
117721
117680
117639
117598
117557
117516
117475
117434
117393
117352
117311
117270
117229
117188
117147
117106
117065
117024
116983
116942
116901
116860
116819
116778
116737
116696
116655
116614
116573
116532
116491
116450
116409
116368
116327
116286
116245
116204
116163
116122
116081
116040
115999
115958
115917
115876
115835
115794
115753
115712
115671
115630
115589
115548
115507
115466
115425
115384
115343
115302
115261
115220
115179
115138
115097
115056
115015
114974
114933
114892
114851
114810
114769
114728
114687
114646
114605
114564
114523
114482
114441
114400
114359
114318
114277
114236
114195
114154
114113
114072
114031
113990
113949
113908
113867
113826
113785
113744
113703
113662
113621
113580
113539
113498
113457
113416
113375
113334
113293
113252
113211
113170
113129
113088
113047
113006
112965
112924
112883
112842
112801
112760
112719
112678
112637
112596
112555
112514
112473
112432
112391
112350
112309
112268
112227
112186
112145
112104
112063
112022
111981
111940
111899
111858
111817
111776
111735
111694
111653
111612
111571
111530
111489
111448
111407
111366
111325
111284
111243
111202
111161
111120
111079
111038
110997
110956
110915
110874
110833
110792
110751
110710
110669
110628
110587
110546
110505
110464
110423
110382
110341
110300
110259
110218
110177
110136
110095
110054
110013
109972
109931
109890
109849
109808
109767
109726
109685
109644
109603
109562
109521
109480
109439
109398
109357
109316
109275
109234
109193
109152
109111
109070
109029
108988
108947
108906
108865
108824
108783
108742
108701
108660
108619
108578
108537
108496
108455
108414
108373
108332
108291
108250
108209
108168
108127
108086
108045
108004
107963
107922
107881
107840
107799
107758
107717
107676
107635
107594
107553
107512
107471
107430
107389
107348
107307
107266
107225
107184
107143
107102
107061
107020
106979
106938
106897
106856
106815
106774
106733
106692
106651
106610
106569
106528
106487
106446
106405
106364
106323
106282
106241
106200
106159
106118
106077
106036
105995
105954
105913
105872
105831
105790
105749
105708
105667
105626
105585
105544
105503
105462
105421
105380
105339
105298
105257
105216
105175
105134
105093
105052
105011
104970
104929
104888
104847
104806
104765
104724
104683
104642
104601
104560
104519
104478
104437
104396
104355
104314
104273
104232
104191
104150
104109
104068
104027
103986
103945
103904
103863
103822
103781
103740
103699
103658
103617
103576
103535
103494
103453
103412
103371
103330
103289
103248
103207
103166
103125
103084
103043
103002
102961
102920
102879
102838
102797
102756
102715
102674
102633
102592
102551
102510
102469
102428
102387
102346
102305
102264
102223
102182
102141
102100
102059
102018
101977
101936
101895
101854
101813
101772
101731
101690
101649
101608
101567
101526
101485
101444
101403
101362
101321
101280
101239
101198
101157
101116
101075
101034
100993
100952
100911
100870
100829
100788
100747
100706
100665
100624
100583
100542
100501
100460
100419
100378
100337
100296
100255
100214
100173
100132
100091
100050
100009
99968
99927
99886
99845
99804
99763
99722
99681
99640
99599
99558
99517
99476
99435
99394
99353
99312
99271
99230
99189
99148
99107
99066
99025
98984
98943
98902
98861
98820
98779
98738
98697
98656
98615
98574
98533
98492
98451
98410
98369
98328
98287
98246
98205
98164
98123
98082
98041
98000
97959
97918
97877
97836
97795
97754
97713
97672
97631
97590
97549
97508
97467
97426
97385
97344
97303
97262
97221
97180
97139
97098
97057
97016
96975
96934
96893
96852
96811
96770
96729
96688
96647
96606
96565
96524
96483
96442
96401
96360
96319
96278
96237
96196
96155
96114
96073
96032
95991
95950
95909
95868
95827
95786
95745
95704
95663
95622
95581
95540
95499
95458
95417
95376
95335
95294
95253
95212
95171
95130
95089
95048
95007
94966
94925
94884
94843
94802
94761
94720
94679
94638
94597
94556
94515
94474
94433
94392
94351
94310
94269
94228
94187
94146
94105
94064
94023
93982
93941
93900
93859
93818
93777
93736
93695
93654
93613
93572
93531
93490
93449
93408
93367
93326
93285
93244
93203
93162
93121
93080
93039
92998
92957
92916
92875
92834
92793
92752
92711
92670
92629
92588
92547
92506
92465
92424
92383
92342
92301
92260
92219
92178
92137
92096
92055
92014
91973
91932
91891
91850
91809
91768
91727
91686
91645
91604
91563
91522
91481
91440
91399
91358
91317
91276
91235
91194
91153
91112
91071
91030
90989
90948
90907
90866
90825
90784
90743
90702
90661
90620
90579
90538
90497
90456
90415
90374
90333
90292
90251
90210
90169
90128
90087
90046
90005
89964
89923
89882
89841
89800
89759
89718
89677
89636
89595
89554
89513
89472
89431
89390
89349
89308
89267
89226
89185
89144
89103
89062
89021
88980
88939
88898
88857
88816
88775
88734
88693
88652
88611
88570
88529
88488
88447
88406
88365
88324
88283
88242
88201
88160
88119
88078
88037
87996
87955
87914
87873
87832
87791
87750
87709
87668
87627
87586
87545
87504
87463
87422
87381
87340
87299
87258
87217
87176
87135
87094
87053
87012
86971
86930
86889
86848
86807
86766
86725
86684
86643
86602
86561
86520
86479
86438
86397
86356
86315
86274
86233
86192
86151
86110
86069
86028
85987
85946
85905
85864
85823
85782
85741
85700
85659
85618
85577
85536
85495
85454
85413
85372
85331
85290
85249
85208
85167
85126
85085
85044
85003
84962
84921
84880
84839
84798
84757
84716
84675
84634
84593
84552
84511
84470
84429
84388
84347
84306
84265
84224
84183
84142
84101
84060
84019
83978
83937
83896
83855
83814
83773
83732
83691
83650
83609
83568
83527
83486
83445
83404
83363
83322
83281
83240
83199
83158
83117
83076
83035
82994
82953
82912
82871
82830
82789
82748
82707
82666
82625
82584
82543
82502
82461
82420
82379
82338
82297
82256
82215
82174
82133
82092
82051
82010
81969
81928
81887
81846
81805
81764
81723
81682
81641
81600
81559
81518
81477
81436
81395
81354
81313
81272
81231
81190
81149
81108
81067
81026
80985
80944
80903
80862
80821
80780
80739
80698
80657
80616
80575
80534
80493
80452
80411
80370
80329
80288
80247
80206
80165
80124
80083
80042
80001
79960
79919
79878
79837
79796
79755
79714
79673
79632
79591
79550
79509
79468
79427
79386
79345
79304
79263
79222
79181
79140
79099
79058
79017
78976
78935
78894
78853
78812
78771
78730
78689
78648
78607
78566
78525
78484
78443
78402
78361
78320
78279
78238
78197
78156
78115
78074
78033
77992
77951
77910
77869
77828
77787
77746
77705
77664
77623
77582
77541
77500
77459
77418
77377
77336
77295
77254
77213
77172
77131
77090
77049
77008
76967
76926
76885
76844
76803
76762
76721
76680
76639
76598
76557
76516
76475
76434
76393
76352
76311
76270
76229
76188
76147
76106
76065
76024
75983
75942
75901
75860
75819
75778
75737
75696
75655
75614
75573
75532
75491
75450
75409
75368
75327
75286
75245
75204
75163
75122
75081
75040
74999
74958
74917
74876
74835
74794
74753
74712
74671
74630
74589
74548
74507
74466
74425
74384
74343
74302
74261
74220
74179
74138
74097
74056
74015
73974
73933
73892
73851
73810
73769
73728
73687
73646
73605
73564
73523
73482
73441
73400
73359
73318
73277
73236
73195
73154
73113
73072
73031
72990
72949
72908
72867
72826
72785
72744
72703
72662
72621
72580
72539
72498
72457
72416
72375
72334
72293
72252
72211
72170
72129
72088
72047
72006
71965
71924
71883
71842
71801
71760
71719
71678
71637
71596
71555
71514
71473
71432
71391
71350
71309
71268
71227
71186
71145
71104
71063
71022
70981
70940
70899
70858
70817
70776
70735
70694
70653
70612
70571
70530
70489
70448
70407
70366
70325
70284
70243
70202
70161
70120
70079
70038
69997
69956
69915
69874
69833
69792
69751
69710
69669
69628
69587
69546
69505
69464
69423
69382
69341
69300
69259
69218
69177
69136
69095
69054
69013
68972
68931
68890
68849
68808
68767
68726
68685
68644
68603
68562
68521
68480
68439
68398
68357
68316
68275
68234
68193
68152
68111
68070
68029
67988
67947
67906
67865
67824
67783
67742
67701
67660
67619
67578
67537
67496
67455
67414
67373
67332
67291
67250
67209
67168
67127
67086
67045
67004
66963
66922
66881
66840
66799
66758
66717
66676
66635
66594
66553
66512
66471
66430
66389
66348
66307
66266
66225
66184
66143
66102
66061
66020
65979
65938
65897
65856
65815
65774
65733
65692
65651
65610
65569
65528
65487
65446
65405
65364
65323
65282
65241
65200
65159
65118
65077
65036
64995
64954
64913
64872
64831
64790
64749
64708
64667
64626
64585
64544
64503
64462
64421
64380
64339
64298
64257
64216
64175
64134
64093
64052
64011
63970
63929
63888
63847
63806
63765
63724
63683
63642
63601
63560
63519
63478
63437
63396
63355
63314
63273
63232
63191
63150
63109
63068
63027
62986
62945
62904
62863
62822
62781
62740
62699
62658
62617
62576
62535
62494
62453
62412
62371
62330
62289
62248
62207
62166
62125
62084
62043
62002
61961
61920
61879
61838
61797
61756
61715
61674
61633
61592
61551
61510
61469
61428
61387
61346
61305
61264
61223
61182
61141
61100
61059
61018
60977
60936
60895
60854
60813
60772
60731
60690
60649
60608
60567
60526
60485
60444
60403
60362
60321
60280
60239
60198
60157
60116
60075
60034
59993
59952
59911
59870
59829
59788
59747
59706
59665
59624
59583
59542
59501
59460
59419
59378
59337
59296
59255
59214
59173
59132
59091
59050
59009
58968
58927
58886
58845
58804
58763
58722
58681
58640
58599
58558
58517
58476
58435
58394
58353
58312
58271
58230
58189
58148
58107
58066
58025
57984
57943
57902
57861
57820
57779
57738
57697
57656
57615
57574
57533
57492
57451
57410
57369
57328
57287
57246
57205
57164
57123
57082
57041
57000
56959
56918
56877
56836
56795
56754
56713
56672
56631
56590
56549
56508
56467
56426
56385
56344
56303
56262
56221
56180
56139
56098
56057
56016
55975
55934
55893
55852
55811
55770
55729
55688
55647
55606
55565
55524
55483
55442
55401
55360
55319
55278
55237
55196
55155
55114
55073
55032
54991
54950
54909
54868
54827
54786
54745
54704
54663
54622
54581
54540
54499
54458
54417
54376
54335
54294
54253
54212
54171
54130
54089
54048
54007
53966
53925
53884
53843
53802
53761
53720
53679
53638
53597
53556
53515
53474
53433
53392
53351
53310
53269
53228
53187
53146
53105
53064
53023
52982
52941
52900
52859
52818
52777
52736
52695
52654
52613
52572
52531
52490
52449
52408
52367
52326
52285
52244
52203
52162
52121
52080
52039
51998
51957
51916
51875
51834
51793
51752
51711
51670
51629
51588
51547
51506
51465
51424
51383
51342
51301
51260
51219
51178
51137
51096
51055
51014
50973
50932
50891
50850
50809
50768
50727
50686
50645
50604
50563
50522
50481
50440
50399
50358
50317
50276
50235
50194
50153
50112
50071
50030
49989
49948
49907
49866
49825
49784
49743
49702
49661
49620
49579
49538
49497
49456
49415
49374
49333
49292
49251
49210
49169
49128
49087
49046
49005
48964
48923
48882
48841
48800
48759
48718
48677
48636
48595
48554
48513
48472
48431
48390
48349
48308
48267
48226
48185
48144
48103
48062
48021
47980
47939
47898
47857
47816
47775
47734
47693
47652
47611
47570
47529
47488
47447
47406
47365
47324
47283
47242
47201
47160
47119
47078
47037
46996
46955
46914
46873
46832
46791
46750
46709
46668
46627
46586
46545
46504
46463
46422
46381
46340
46299
46258
46217
46176
46135
46094
46053
46012
45971
45930
45889
45848
45807
45766
45725
45684
45643
45602
45561
45520
45479
45438
45397
45356
45315
45274
45233
45192
45151
45110
45069
45028
44987
44946
44905
44864
44823
44782
44741
44700
44659
44618
44577
44536
44495
44454
44413
44372
44331
44290
44249
44208
44167
44126
44085
44044
44003
43962
43921
43880
43839
43798
43757
43716
43675
43634
43593
43552
43511
43470
43429
43388
43347
43306
43265
43224
43183
43142
43101
43060
43019
42978
42937
42896
42855
42814
42773
42732
42691
42650
42609
42568
42527
42486
42445
42404
42363
42322
42281
42240
42199
42158
42117
42076
42035
41994
41953
41912
41871
41830
41789
41748
41707
41666
41625
41584
41543
41502
41461
41420
41379
41338
41297
41256
41215
41174
41133
41092
41051
41010
40969
40928
40887
40846
40805
40764
40723
40682
40641
40600
40559
40518
40477
40436
40395
40354
40313
40272
40231
40190
40149
40108
40067
40026
39985
39944
39903
39862
39821
39780
39739
39698
39657
39616
39575
39534
39493
39452
39411
39370
39329
39288
39247
39206
39165
39124
39083
39042
39001
38960
38919
38878
38837
38796
38755
38714
38673
38632
38591
38550
38509
38468
38427
38386
38345
38304
38263
38222
38181
38140
38099
38058
38017
37976
37935
37894
37853
37812
37771
37730
37689
37648
37607
37566
37525
37484
37443
37402
37361
37320
37279
37238
37197
37156
37115
37074
37033
36992
36951
36910
36869
36828
36787
36746
36705
36664
36623
36582
36541
36500
36459
36418
36377
36336
36295
36254
36213
36172
36131
36090
36049
36008
35967
35926
35885
35844
35803
35762
35721
35680
35639
35598
35557
35516
35475
35434
35393
35352
35311
35270
35229
35188
35147
35106
35065
35024
34983
34942
34901
34860
34819
34778
34737
34696
34655
34614
34573
34532
34491
34450
34409
34368
34327
34286
34245
34204
34163
34122
34081
34040
33999
33958
33917
33876
33835
33794
33753
33712
33671
33630
33589
33548
33507
33466
33425
33384
33343
33302
33261
33220
33179
33138
33097
33056
33015
32974
32933
32892
32851
32810
32769
32728
32687
32646
32605
32564
32523
32482
32441
32400
32359
32318
32277
32236
32195
32154
32113
32072
32031
31990
31949
31908
31867
31826
31785
31744
31703
31662
31621
31580
31539
31498
31457
31416
31375
31334
31293
31252
31211
31170
31129
31088
31047
31006
30965
30924
30883
30842
30801
30760
30719
30678
30637
30596
30555
30514
30473
30432
30391
30350
30309
30268
30227
30186
30145
30104
30063
30022
29981
29940
29899
29858
29817
29776
29735
29694
29653
29612
29571
29530
29489
29448
29407
29366
29325
29284
29243
29202
29161
29120
29079
29038
28997
28956
28915
28874
28833
28792
28751
28710
28669
28628
28587
28546
28505
28464
28423
28382
28341
28300
28259
28218
28177
28136
28095
28054
28013
27972
27931
27890
27849
27808
27767
27726
27685
27644
27603
27562
27521
27480
27439
27398
27357
27316
27275
27234
27193
27152
27111
27070
27029
26988
26947
26906
26865
26824
26783
26742
26701
26660
26619
26578
26537
26496
26455
26414
26373
26332
26291
26250
26209
26168
26127
26086
26045
26004
25963
25922
25881
25840
25799
25758
25717
25676
25635
25594
25553
25512
25471
25430
25389
25348
25307
25266
25225
25184
25143
25102
25061
25020
24979
24938
24897
24856
24815
24774
24733
24692
24651
24610
24569
24528
24487
24446
24405
24364
24323
24282
24241
24200
24159
24118
24077
24036
23995
23954
23913
23872
23831
23790
23749
23708
23667
23626
23585
23544
23503
23462
23421
23380
23339
23298
23257
23216
23175
23134
23093
23052
23011
22970
22929
22888
22847
22806
22765
22724
22683
22642
22601
22560
22519
22478
22437
22396
22355
22314
22273
22232
22191
22150
22109
22068
22027
21986
21945
21904
21863
21822
21781
21740
21699
21658
21617
21576
21535
21494
21453
21412
21371
21330
21289
21248
21207
21166
21125
21084
21043
21002
20961
20920
20879
20838
20797
20756
20715
20674
20633
20592
20551
20510
20469
20428
20387
20346
20305
20264
20223
20182
20141
20100
20059
20018
19977
19936
19895
19854
19813
19772
19731
19690
19649
19608
19567
19526
19485
19444
19403
19362
19321
19280
19239
19198
19157
19116
19075
19034
18993
18952
18911
18870
18829
18788
18747
18706
18665
18624
18583
18542
18501
18460
18419
18378
18337
18296
18255
18214
18173
18132
18091
18050
18009
17968
17927
17886
17845
17804
17763
17722
17681
17640
17599
17558
17517
17476
17435
17394
17353
17312
17271
17230
17189
17148
17107
17066
17025
16984
16943
16902
16861
16820
16779
16738
16697
16656
16615
16574
16533
16492
16451
16410
16369
16328
16287
16246
16205
16164
16123
16082
16041
16000
15959
15918
15877
15836
15795
15754
15713
15672
15631
15590
15549
15508
15467
15426
15385
15344
15303
15262
15221
15180
15139
15098
15057
15016
14975
14934
14893
14852
14811
14770
14729
14688
14647
14606
14565
14524
14483
14442
14401
14360
14319
14278
14237
14196
14155
14114
14073
14032
13991
13950
13909
13868
13827
13786
13745
13704
13663
13622
13581
13540
13499
13458
13417
13376
13335
13294
13253
13212
13171
13130
13089
13048
13007
12966
12925
12884
12843
12802
12761
12720
12679
12638
12597
12556
12515
12474
12433
12392
12351
12310
12269
12228
12187
12146
12105
12064
12023
11982
11941
11900
11859
11818
11777
11736
11695
11654
11613
11572
11531
11490
11449
11408
11367
11326
11285
11244
11203
11162
11121
11080
11039
10998
10957
10916
10875
10834
10793
10752
10711
10670
10629
10588
10547
10506
10465
10424
10383
10342
10301
10260
10219
10178
10137
10096
10055
10014
9973
9932
9891
9850
9809
9768
9727
9686
9645
9604
9563
9522
9481
9440
9399
9358
9317
9276
9235
9194
9153
9112
9071
9030
8989
8948
8907
8866
8825
8784
8743
8702
8661
8620
8579
8538
8497
8456
8415
8374
8333
8292
8251
8210
8169
8128
8087
8046
8005
7964
7923
7882
7841
7800
7759
7718
7677
7636
7595
7554
7513
7472
7431
7390
7349
7308
7267
7226
7185
7144
7103
7062
7021
6980
6939
6898
6857
6816
6775
6734