47693
47652
47611
47570
47529
47488
47447
47406
47365
47324
47283
47242
47201
47160
47119
47078
47037
46996
46955
46914
46873
46832
46791
46750
46709
46668
46627
46586
46545
46504
46463
46422
46381
46340
46299
46258
46217
46176
46135
46094
46053
46012
45971
45930
45889
45848
45807
45766
45725
45684
45643
45602
45561
45520
45479
45438
45397
45356
45315
45274
45233
45192
45151
45110
45069
45028
44987
44946
44905
44864
44823
44782
44741
44700
44659
44618
44577
44536
44495
44454
44413
44372
44331
44290
44249
44208
44167
44126
44085
44044
44003
43962
43921
43880
43839
43798
43757
43716
43675
43634
43593
43552
43511
43470
43429
43388
43347
43306
43265
43224
43183
43142
43101
43060
43019
42978
42937
42896
42855
42814
42773
42732
42691
42650
42609
42568
42527
42486
42445
42404
42363
42322
42281
42240
42199
42158
42117
42076
42035
41994
41953
41912
41871
41830
41789
41748
41707
41666
41625
41584
41543
41502
41461
41420
41379
41338
41297
41256
41215
41174
41133
41092
41051
41010
40969
40928
40887
40846
40805
40764
40723
40682
40641
40600
40559
40518
40477
40436
40395
40354
40313
40272
40231
40190
40149
40108
40067
40026
39985
39944
39903
39862
39821
39780
39739
39698
39657
39616
39575
39534
39493
39452
39411
39370
39329
39288
39247
39206
39165
39124
39083
39042
39001
38960
38919
38878
38837
38796
38755
38714
38673
38632
38591
38550
38509
38468
38427
38386
38345
38304
38263
38222
38181
38140
38099
38058
38017
37976
37935
37894
37853
37812
37771
37730
37689
37648
37607
37566
37525
37484
37443
37402
37361
37320
37279
37238
37197
37156
37115
37074
37033
36992
36951
36910
36869
36828
36787
36746
36705
36664
36623
36582
36541
36500
36459
36418
36377
36336
36295
36254
36213
36172
36131
36090
36049
36008
35967
35926
35885
35844
35803
35762
35721
35680
35639
35598
35557
35516
35475
35434
35393
35352
35311
35270
35229
35188
35147
35106
35065
35024
34983
34942
34901
34860
34819
34778
34737
34696
34655
34614
34573
34532
34491
34450
34409
34368
34327
34286
34245
34204
34163
34122
34081
34040
33999
33958
33917
33876
33835
33794
33753
33712
33671
33630
33589
33548
33507
33466
33425
33384
33343
33302
33261
33220
33179
33138
33097
33056
33015
32974
32933
32892
32851
32810
32769
32728
32687
32646
32605
32564
32523
32482
32441
32400
32359
32318
32277
32236
32195
32154
32113
32072
32031
31990
31949
31908
31867
31826
31785
31744
31703
31662
31621
31580
31539
31498
31457
31416
31375
31334
31293
31252
31211
31170
31129
31088
31047
31006
30965
30924
30883
30842
30801
30760
30719
30678
30637
30596
30555
30514
30473
30432
30391
30350
30309
30268
30227
30186
30145
30104
30063
30022
29981
29940
29899
29858
29817
29776
29735
29694
29653
29612
29571
29530
29489
29448
29407
29366
29325
29284
29243
29202
29161
29120
29079
29038
28997
28956
28915
28874
28833
28792
28751
28710
28669
28628
28587
28546
28505
28464
28423
28382
28341
28300
28259
28218
28177
28136
28095
28054
28013
27972
27931
27890
27849
27808
27767
27726
27685
27644
27603
27562
27521
27480
27439
27398
27357
27316
27275
27234
27193
27152
27111
27070
27029
26988
26947
26906
26865
26824
26783
26742
26701
26660
26619
26578
26537
26496
26455
26414
26373
26332
26291
26250
26209
26168
26127
26086
26045
26004
25963
25922
25881
25840
25799
25758
25717
25676
25635
25594
25553
25512
25471
25430
25389
25348
25307
25266
25225
25184
25143
25102
25061
25020
24979
24938
24897
24856
24815
24774
24733
24692
24651
24610
24569
24528
24487
24446
24405
24364
24323
24282
24241
24200
24159
24118
24077
24036
23995
23954
23913
23872
23831
23790
23749
23708
23667
23626
23585
23544
23503
23462
23421
23380
23339
23298
23257
23216
23175
23134
23093
23052
23011
22970
22929
22888
22847
22806
22765
22724
22683
22642
22601
22560
22519
22478
22437
22396
22355
22314
22273
22232
22191
22150
22109
22068
22027
21986
21945
21904
21863
21822
21781
21740
21699
21658
21617
21576
21535
21494
21453
21412
21371
21330
21289
21248
21207
21166
21125
21084
21043
21002
20961
20920
20879
20838
20797
20756
20715
20674
20633
20592
20551
20510
20469
20428
20387
20346
20305
20264
20223
20182
20141
20100
20059
20018
19977
19936
19895
19854
19813
19772
19731
19690
19649
19608
19567
19526
19485
19444
19403
19362
19321
19280
19239
19198
19157
19116
19075
19034
18993
18952
18911
18870
18829
18788
18747
18706
18665
18624
18583
18542
18501
18460
18419
18378
18337
18296
18255
18214
18173
18132
18091
18050
18009
17968
17927
17886
17845
17804
17763
17722
17681
17640
17599
17558
17517
17476
17435
17394
17353
17312
17271
17230
17189
17148
17107
17066
17025
16984
16943
16902
16861
16820
16779
16738
16697
16656
16615
16574
16533
16492
16451
16410
16369
16328
16287
16246
16205
16164
16123
16082
16041
16000
15959
15918
15877
15836
15795
15754
15713
15672
15631
15590
15549
15508
15467
15426
15385
15344
15303
15262
15221
15180
15139
15098
15057
15016
14975
14934
14893
14852
14811
14770
14729
14688
14647
14606
14565
14524
14483
14442
14401
14360
14319
14278
14237
14196
14155
14114
14073
14032
13991
13950
13909
13868
13827
13786
13745
13704
13663
13622
13581
13540
13499
13458
13417
13376
13335
13294
13253
13212
13171
13130
13089
13048
13007
12966
12925
12884
12843
12802
12761
12720
12679
12638
12597
12556
12515
12474
12433
12392
12351
12310
12269
12228
12187
12146
12105
12064
12023
11982
11941
11900
11859
11818
11777
11736
11695
11654
11613
11572
11531
11490
11449
11408
11367
11326
11285
11244
11203
11162
11121
11080
11039
10998
10957
10916
10875
10834
10793
10752
10711
10670
10629
10588
10547
10506
10465
10424
10383
10342
10301
10260
10219
10178
10137
10096
10055
10014
9973
9932
9891
9850
9809
9768
9727
9686
9645
9604
9563
9522
9481
9440
9399
9358
9317
9276
9235
9194
9153
9112
9071
9030
8989
8948
8907
8866
8825
8784
8743
8702
8661
8620
8579
8538
8497
8456
8415
8374
8333
8292
8251
8210
8169
8128
8087
8046
8005
7964
7923
7882
7841
7800
7759
7718
7677
7636
7595
7554
7513
7472
7431
7390
7349
7308
7267
7226
7185
7144
7103
7062
7021
6980
6939
6898
6857
6816
6775
6734