32541
6693
30500
3087
26373
28849
3317
12673
10305
25990
7450
27748
4069
22264
31721
12743
10384
10170
14747
26635
14833
20558
15862
9205
24970
9408
18217
15361
10420
8852
20471
9721
15332
23293
8471
21191
10028
19792
4571
31880
15365
17847
15377
6881
1099
5162
10023
29078
26249
12187
11922
27992
24439
6513
10095
17119
29889
5432
2411
1081
17674
2199
7905
8290
22833
6018
67
276
6867
20656
24251
15072
5137
32336
25106
894
23699
28408
7632
25186
22476
19166
24997
20367
10368
18762
26887
13488
32132
23115
11805
1125
7110
6314
25564
23515
18829
6172
23408
25247
32513
25531
22749
23732
32749
16567
6886
8931
17092
2377
6702
30034
18658
13289
17309
23640
19477
23233
12805
2960
25948
22369
11013
31532
4334
18100
25390
11148
13182
2355
19813
18192
1214
4952
31112
5674
802
8790
18005
31159
21734
10503
27271
24463
14930
2342
6465
25946
30013
27838
17840
7590
18896
21474
18925
11063
31884
10911
29984
9886
29070
31535
17643
526
20754
4207
19974
24426
21815
7316
6182
3234
9474
14361
28964
6720
24740
19707
31579
16446
17152
16937
31570
1307
31848
31542
10395
23342
10919
82
1530
10297
4677
25208
1226
27457
32006
12265
30621
29853
1214
4677
3087
24251
3317
15072
20656
31112
6018
1226
2355
18192
24251
1226
6693
3317
1214
30621
29853
5674
22833
4952
26373
1214
30500
24251
1226
67
2355
1214
31112
27457
30500
1214
30500
22833
20656
25208
6018
2355
32541
30500
28849
67
22833
1226
4952
4677
28849
4677
276
20656
24251
13182
31112
13182
12265
19813
19813
25208
32006
2355
6693
276
12673
12673
1214
18192
6867
15072
67
13182
6693
3087
28849
27457
28849
12673
4677
6018
67
28849
28849
3317
6693
3087
29853
12265
31112
30500
6867
4952
12265
13182
12265
24251
30621
25208
25208
20656
12265
25208
30621
18192
20656
20656
25208
4952
4952
67
6693
4677
27457
30621
5674
276
2355
3317
32541
6693
3317
4677
24251
15072
31112
1226
1214
3087
6867
67
22833
31112
12673
12673
3317
26373
30500
22833
3087
25208
6693
6867
5674
20656
6693
6018
29853
27457
5674
6018
2355
5674
26373
19813
2355
24251
12673
4952
32006
276
27457
1226
27457
29853
1226
6693
30500
13182
27457
6867
6018
30621
32541
276
3087
67
18192
22833
31112
12673
67
1214
1226
12265
4677
67
28849
18192
31112
18192
3317
24251
1226
25208
22833
4677
5674
29853
67
1226
20656
2355
20656
6867
27457
6018
28849
32006
6693
2355
18192
30621
18192
32541
27457
1214
3087
3317
30500
31112
4952
30500
30500
18192
30500
5674
22833
32541
4952
30500
20656
4677
1226
29853
20656
12265
13182
1214
4952
30621
26373
24251
4677
25208
4677
27457
3087
3087
26373
22833
29853
3317
32006
26373
5674
30500
6693
1214
27457
15072
12265
32541
12265
1226
25208
24251
19813
12673
6018
30621
19813
4952
27457
24251
18192
13182
27457
24251
27457
276
18192
5674
28849
32006
25208
29853
29853
32006
6693
13182
6018
15072
4952
3087
13182
2355
67
31112
276
1226
12265
24251
24251
6867
3317
6693
12265
1226
1214
19813
3087
27457
32541
67
20656
12673
31112
28849
4677
6693
1226
6867
30500
31112
15072
2355
29853
4952
24251
4677
30500
29853
20656
276
12673
6693
3317
24251
30621
12673
6693
12265
18192
32006
32006
18192
1214
29853
19813
4952
3087
32541
27457
30621
20656
1214
18192
6867
19813
12265
32006
19813
4952
4952
4677
5674
3317
6867
25208
15072
31112
6018
6867
2355
3087
12265
29853
6018
4952
30621
24251
15072
4677
1226
1214
12673
276
19813
12673
30500
32541
1226
12265
3317
4952
31112
24251
6693
27457
31112
1226
276
4952
28849
12265
12265
67
5674
15072
6867
12673
19813
6018
276
15072
31112
12265
13182
1214
5674
20656
28849
3087
276
15072
1226
30500
5674
4677
2355
20656
29853
3317
1226
30500
30621
30500
13182
67
30500
30621
1214
25208
18192
3087
6018
29853
20656
29853
29853
32541
4952
1214
32006
6018
2355
32006
13182
32006
19813
6867
15072
3317
31112
5674
6867
3317
6018
28849
32006
2355
4952
3087
6693
1214
19813
28849
6693
25208
5674
32541
24251
12673
6018
4952
15072
276
27457
18192
3317
18192
29853
28849
27457
6867
26373
1214
30500
2355
6693
20656
22833
22833
25208
31112
276
22833
15072
20656
3087
24251
3087
276
6867
32541
20656
12673
4952
2355
30500
28849
24251
30621
3317
32541
28849
22833
25208
12265
19813
3087
26373
18192
32006
31112
4952
13182
3087
4952
2355
4952
5674
1214
67
28849
6018
1214
6693
30500
13182
30500
31112
6693
15072
30621
28849
12673
24251
67
18192
27457
28849
6867
1226
30621
13182
12265
67
4677
12673
276
25208
28849
28849
3087
276
4677
1214
3087
20656
5674
12673
32541
31112
15072
25208
3087
15072
6018
26373
25208
12265
28849
276
3087
28849
3317
6867
276
29853
29853
22833
6018
31112
32006
30621
28849
12673
27457
15072
4952
29853
32006
3087
6693
67
4677
27457
20656
19813
30621
22833
5674
20656
26373
4952
67
67
18192
32541
67
12265
3087
12673
32541
25208
1226
22833
13182
28849
12673
2355
30500
67
18192
67
24251
1214
276
12673
6867
5674
15072
3087
67
1214
24251
6693
29853
3087
24251
6867
32541
27457
3317
67
4677
6693
12673
6867
24251
24251
27457
67
6693
6867
26373
12265
29853
25208
13182
32006
12673
12265
18192
276
276
25208
4952
6018
276
22833
3317
13182
28849
19813
13182
3087
25208
29853
1214
276
20656
25208
29853
1226
6867
4952
3317
1214
26373
26373
29853
18192
15072
6867
1226
1226
19813
32006
6693
18192
20656
2355
26373
20656
276
19813
29853
13182
276
30500
13182
32006
12265
12673
276
6693
25208
5674
6693
5674
1214
18192
25208
19813
32006
3317
4952
24251
5674
12673
22833
2355
12673
4952
24251
25208
22833
30500
4952
27457
28849
26373
27457
24251
22833
4677
4677
4677
6693
12673
4952
15072
6693
31112
12265
67
24251
6018
18192
6693
25208
13182
6867
19813
12673
32006
30621
31112
3317
18192
6693
18192
6018
1226
24251
3087
32006
18192