12426
1626
13153
3544
21244
23138
622
18305
6352
31423
27921
16554
11616
15151
13983
13221
5319
13873
23342
2428
15351
27845
16459
6103
20230
4979
24048
30240
18889
12430
29616
11750
30372
28602
7733
19071
20384
20140
24812
3058
30142
1841
30719
16660
12940
23154
1668
3312
14325
8566
29940
7020
4701
18152
5086
2346
238
3611
22236
685
10284
19275
15303
24253
21200
28966
12839
14348
13523
6026
5869
18969
25801
24465
6245
5461
32624
22731
5734
3717
10633
19402
21196
23911
25574
3556
1575
28312
26053
16948
11445
23733
29020
11234
8078
29888
22197
30116
19999
22982
6332
4741
11225
3007
26775
7142
9770
21942
27445
20674
13997
26410
32042
6710
26014
7347
26810
14656
20624
15337
16947
455
2402
9857
24193
18139
24943
18617
6140
23615
29957
18167
21892
20772
2841
11948
2000
18488
7480
11903
4355
4319
7105
6568
19072
26048
16978
15001
7424
29828
4224
14564
24290
4826
15051
5721
27842
17599
10192
1902
12364
30716
19905
10981
2386
6384
1043
25768
19741
25743
7542
24568
20481
7083
24074
31942
11572
31603
8656
11361
16609
7993
18271
338
2167
12152
13016
30340
23879
533
32027
12713
15694
4069
9019
17624
5711
25456
18992
13179
18214
25844
27340
15976
19288
10157
31217
15182
17646
7252
24832
31571
22660
19686
23188
1275
3997
1446
1905
9548
13625
3941
20407
7216
24746
24321
25692
26650
8867
24108
29912
29932
2194
12654
27938
12825
27183
8045
20444
21510
13653
32109
202
17591
11282
17683
5001
1959
18682
14190
29310
5367
15808
12600
29196
28619
16391
5208
9226
31730
6261
27308
32628
22213
10249
9734
12384
14161
22447
8564
9268
6584
9746
18373
9751
14804
18354
840
8101
8478
3382
23255
20967
19406
1027
24596
6786
10564
1293
21235
6446
31655
9709
7801
18794
23244
16437
4803
25711
24153
768
73
8034
13098
17101
6244
6605
8179
31629
14094
4176
15655
14586
31209
10132
25625
22827
18564
25473
6498
23909
12761
7857
30338
15669
17178
5668
22218
28603
15277
23861
19321
8009
17013
19916
6949
15149
83
18646
20572
23498
17388
23282
7052
11502
4781
6509
3104
21087
19213
19313
25836
31415
15378
13177
4043
5234
22039
3336
29830
22854
22732
4763
14072
9139
8830
8156
8304
17114
1177
17432
14423
16530
16747
22771
20499
19897
5930
29019
1578
18632
31801
13498
1195
4778
28839
31344
32458
9679
2297
14720
12746
9084
5673
8329
27936
19301
3822
27129
26069
4477
7742
16509
22828
17933
31505
18364
17029
1027
28009
7492
10369
22925
9359
26052
17767
24295
17055
14973
3782
12146
16710
2803
24668
30981
5067
18152
20023
5511
10828
25738
25114
25278
14923
5868
18466
19554
28777
18611
11945
15478
28528
12050
23915
26072
16535
2296
18407
7446
6402
24199
7945
13187
6281
21705
9733
2186
26042
27038
20102
17731
19233
11257
24584
30276
14791
17484
11906
30650
21752
24897
9289
26552
27465
23723
9009
4814
218
11452
245
3806
20185
30072
8921
30763
23623
20073
31885
1203
5119
4245
30293
25023
31732
16557
32359
4024
29114
27015
18836
12348
4168
31438
1835
31345
8956
32761
3099
18841
18911
17273
14679
31207
13099
12855
8575
1937
3594
4925
12732
9255
6817
26547
25068
13859
31565
1806
12287
30401
11052
19332
27296
8721
15840
25283
3864
27978
19599
5858
15984
14177
13358
9112
3542
10202
2304
27564
13891
12255
25433
8876
26458
8591
27048
16098
16786
20888
15284
18308
15255
30472
8998
21291
30446
15712
11592
19078
18392
15594
4620
17232
29818
19789
3152
1919
28474
26207
1888
7359
4204
826
17853
24606
4910
15250
25885
2569
22928
1862
25522
11895
15353
24628
2735
3428
26566
13906
25097
18305
4403
27131
4474
19242
31871
16518
21196
3480
8779
1821
22868
25688
29508
22476
21181
4859
32513
13529
25863
24848
558
28244
19918
19535
8171
1518
1744
11031
19055
1295
5034
21275
7921
31010
23778
6232
14536
2612
15402
14410
16337
24509
7651
1375
13841
18365
23521
26284
18587
21515
13678
32734
10164
25066
2193
5492
10806
16350
12432
300
16434
26046
11699
19131
30937
29449
31307
14529
8093
26493
12531
28156
13459
18918
26646
26300
17436
12597
26289
27287
25028
25553
5722
18013
19050
306
22146
25167
29090
27051
5367
2187
32343
22663
20396
28619
31413
25688
25533
24143
15173
22924
19886
31000
16730
9025
16116
4951
7341
13915
11446
4645
4164
13011
15316
14452
32408
12113
11817
28486
24822
25342
13581
24093
20006
8595
19742
26546
21579
23991
1857
24297
10762
9607
25315
2053
31470
19830
7557
14872
21259
15703
7031
13502
28130
5048
19939
32267
27781
4978
14862
23746
14076
3966
1499
17096
3302
18698
11665
15320
2403
29644
18141
13431
7730
21655
29979
11563
18967
11820
29393
11752
3712
28754
21628
3531
26727
23849
26768
25355
20602
6331
22714
12076
1658
22228
28776
7029
11233
6932
11403
22949
29127
16194
30875
31970
24070
13283
15580
24306
27549
12043
8673
26029
2642
15732
11598
15538
16796
27085
7138
22362
31423
28244
7348
20202
13881
9383
20924
28941
12381
10199
14742
4737
14654
23743
26243
31248
17358
21652
9905
30658
28743
15805
444
31825
5578
22244
12148
17629
3910
6221
27617
28385
20380
1894
19588
2150
257
26784
31456
28790
13219
17278
30777
7124
24463
27883
20124
4586
15826
3025
21279
13827
15582
19431
23914
12474
5168
13003
6262
3506
15152
19280
20629
24968
18265
6937
25267
3078
30105
5735
12507
27290
25339
1583
16381
3846
14467
5232
25326
20056
20057
29379
5808
15389
2603
20276
29684
26066
31948
2896
23005
25243
801
27007
13831
2872
28221
9364
3528
28212
30411
9635
11445
21599
32684
19474
7272
27007
27618
31731
18817
23875
2989
26257
31211
4216
25843
16713
30817
8831
23269
24220
6448
29439
30944
23938
31806
27607
25745
25344
12363
10071
15197
4604
7031
18095
24320
13649
19716
3239
30068
20511
7262
4241
8212
2148
14680
7548
11777
8145
4537
4523
19909
28374
12279
21062
566
5632
30530
10062
24221
22916
24772
5078
19992
23324
7720
32369
27197
9745
17753
15847
9472
16793
27020
24108
18903
15716
17792
12690
6684
27762
23300
573
2226
16935
11195
30679
22763
1441
28444
1414
9385
20297
27068
29723
3524
1192
18896
23693
7852
18045
11501
9893
7760
1292
13075
24570
23358
11960
17130
32544
12811
11476
25419
26397
21237
8887
19970
16156
2759
8974
8147
29286
4861
20343
18875
27789
11561
5707
10103
26090
3477
698
24395
21578
22826
21278
28412
21477
14992
18825
2590
7312
21143
27296
11670
22323
2006
7853
3159
26492
31122
26863
14703
32213
6625
10549
13127
1428
13070
7083
13350
17266
23616
2803
27640
14399
8535
26743
1870
7124
25111
16126
10149
1096
11400
13182
12523
3431
5788
2097
4159
5215
23315
21995
24569
23485
15772
28587
3306
11160
31293
9328
24805
16908
17396
21326
5757
10219
5791
1472
23057
15790
24601
1088
23558
5298
17574
6421
22612
26785
657
30061
14148
19757
14611
27819
11128
25605
5751
31234
28971
12033
12668
17475
4794
21152
4603
5107
22115
23733
11465
28577
14669
25437
22239
21110
7113
4148
29624
12558
728
27593
25339
16518
4845
32079
29018
13271
10228
4757
20666
25442
11922
17464
23444
4812
8879
2583
10139
18699
22322
29703
11167
28353
27403
23240
31921
9929
3959
7480
26248
5392
895
15815
25379
1959
26818
29739
13744
13846
21877
1877
11437
2802
18344
931
20301
11186
24011
8535
31261
12990
30832
28488
12007
20425
10579
5591
7126
16993
5015
17957
7644
25284
8530
10627
16977
11510
12876
25898
3037
528
10244
1581
32407
5083
29428
27051
14190
11933
1302
30025
4809
21811
19879
13279
9834
25440
8747
10866
4760
10853
14513
31075
28285
15314
5976
7653
21453
22171
7442
26548
19880
10862
1960
30469
11970
25924
6911
22200
4801
16183
19865
1749
3814
30867
7774
2870
22000
32303
30621
21121
21309
10238
17230
2394
307
17889
5274
11734
32478
28351
2717
30514
10458
17880
20586
26053
14708
10838
24143
3891
13324
1317
24667
31460
8126
10501
26142
8884
21825
30942
16304
27628
25614
18515
11253
11378
21189
10905
15390
4156
16077
9098
4211
29450
7995
28405
21072
597
12022
21049
3950
15234
16920
11282
23140
6748
2711
14002
21614
3009
4132
12308
1132
30875
24403
23693
7982
32019
13309
6052
9454
8193
8931
26403
30750
7846
1683
17518
20837
8349
13200
4116
13540
26639
14253
25508
19645
21031
10426
13762
19670
15301
18018
1145
17370
7799
29524
31187
32129
31141
18849
16039
23058
23563
20069
28595
16166
8556
2218
26858
1454
14469
32649
23311
2359
1345
25490
24451
15469
13099
26479
32348
26334
3112
3011
23222
28673
10086
25176
31054
23415
1168
3194
21837
23184
26436
30878
14177
5905
1734
9032
786
6965
26102
24363
28244
31473
26495
26769
22360
8828
29266
18429
11432
28175
14931
18447
7027
28394
337
681
30757
407
25660
18768
5435
6514
2194
27861
31830
25961
15899
10292
15758
12801
26838
12988
18696
11417
18227
15728
1739
27635
26754
24494
8399
25072
26540
14094
13143
6811
15905
16013
22401
27753
17169
8427
15388
32192
10975
2641
16569
17333
6867
15671
18181
24090
9487
28293
11862
29880
16580
11512
11651
31193
4773
22472
32505
30218
6556
26760
4875
16670
5052
5197
15498
19574
12152
2066
2966
25216
23826
17499
19123
32638
21590
23577
21024
10121
8839
6862
9572
24021
21658
22001
3881
8502
4514
28052
12109
4579
14732
16452
12087
9339
23564
5681
4199
1605
7127
18319
18769
5820
21011
8763
9324
6731
1547
21154
5510
2645
3368
21471
31066
9848
26397
11043
29540
11027
10849
29274
24052
20741
5346
30219
130
31416
5368
27264
65
12895
24215
31784
16118
23931
24778
16185
7179
18852
12124
17049
19423
30342
13528
18943
14689
16682
16565
29526
9693
21623
17866
19298
31510
760
23816
5541
916
28127
24679
19332
32063
7498
12833
5798
14893
28102
1055
19101
17337
30481
13232
8648
13269
20517
3457
16759
14497
21617
3530
18769
30268
20074
28869
29171
15065
11074
10084
32474
14614
7159
1091
1923
15498
18320
13532
23504
3229
29348
23290
1966
29085
16411
23152
14837
4110
28472
12042
4752
3649
15064
24260
7133
14376
15860
23610
29526
5480
365
28000
25970
9648
5897
27251
198
14153
26040
26927
25712
3055
2845
10307
19893
16352
30281
20226
10473
10034
8138
21851
10639
5481
740
10251
11714
17225
15390
23825
28884
18153
28929
3170
20788
21001
25884
8415
11669
10917
24651
13700
7500
4555
19001
21218
2042
3241
7972
8399
24684
17386
8672
24668
1727
27971
28447
16903
5576
29512
21999
27698
8115
20357
6532
17876
7657
19146
56
22895
6200
6086
21456
25666
18222
31703
14081
26047
13765
31265
29747
17215
9798
13534
10628
21493
15975
30964
30224
26912
16054
10189
3184
9861
18747
29539
20096
16157
31577
8346
22117
27147
24310
17363
4303
9168
30428
11198
19580
4034
27230
28271
25342
3515
5182
19637
24253
22542
30926
24487
16959
15807
26454
17535
21671
19699
19126
15020
6012
421
27980
26658
18860
19611
13336
14325
7121
1688
5406
1830
31154
9172
19724
5053
3341
15273
6173
25111
23956
14479
29245
3202
12853
17482
8814
12551
6046
17506
5482
29063
12289
31444
19338
14858
12308
7943
24038
16723
11613
769
24254
30648
8620
6363
6425
22576
18409
27762
29611
20398
13839
25952
31484
11949
22649
25899
22215
22796
12893
5563
11936
10269
1942
31762
16858
13049
21414
9015
13992
28950
12795
29555
25730
27419
7025
2496
7627
28146
7449
9087
15536
29727
27705
29289
30547
14673
31635
27848
16169
11319
30186
28135
12192
12949
16835
15047
20486
29591
29289
16147
11430
7269
18995
5718
2868
21239
12809
13676
15979
19243
18981
18487
23796
12821
30743
6035
24458
25494
5644
2955
27228
7728
10063
7629
17842
10520
13840
20571
18900
8333
15973
31876
16936
23657
19086
3603
2970
9462
9341
32454
29248
10754
16534
9729
4670
28726
17843
12484
16360
10403
22123
21979
15143
9886
32660
6740
12830
26574
28678
14902
22285
25219
23970
2416
3445
3657
15251
24848
29309
23230
9684
27829
17556
2208
9714
27719
28248
6442
13588
15845
14518
18337
7992
17439
26707
16682
11199
31846
18987
3806
12076
22976
29561
26144
27177
14273
14550
21294
22987
31158
8356
29175
23830
10787
21677
10541
21444
11888
22280
7066
6722
25311
32317
17335
1788
12993
31912
28027
19674
234
30499
625
26378
29794
28383
23565
29185
32093
659
4160
5564
9837
19161
27722
25932
1527
21972
4560
22417
25572
1559
27182
15686
26520
22722
25614
22589
25128
22254
12090
30700
2247
13900
27310
16169
13186
27912
30962
30514
29742
15604
28326
5104
6558
31202
20318
19837
29465
3921
3249
29411
26634
2381
31629
23079
14330
9360
13261
4486
30396
10733
3598
13822
6375
6383
13246
4880
9354
26045
30069
28613
23066
20032
23433
11503
27055
2696
9437
6321
2160
23660
10233
6977
31308
17009
19040
8429
25580
20974
541
25948
30949
31853
5536
1047
23089
17491
3528
29255
14560
9412
3649
17857
4363
12481
2064
27967
4362
11667
31340
15856
230
11373
13776
31284
15889
26445
21838
13728
8021
25891
25126
14921
21771
10549
21911
21311
6541
29122
27893
8279
17902
18917
1020
22318
7912
29373
26980
5482
28181
26571
25013
10307
15202
667
19549
27971
15042
423
7936
12361
16927
30328
11023
10964
23446
24334
24988
2174
18403
28290
2413
5319
1306
18666
6991
30228
11673
13949
14508
6648
17210
4600
28768
14001
15053
30272
17865
1526
23493
28488
11805
7408
18481
12853
30721
1414
16622
8384
20823
31965
31259
7132
24407
31519
5070
27033
7393
26748
2821
12873
29457
9071
14048
22753
16405
15427
9741
12962
16443
2517
28803
25080
3406
31643
20851
22690
10275
19685
7547
17683
16495
32099
26910
28440
11995
13032
29553
18364
21851
26733
10518
12393
22971
3673
21358
15695
28283
0
18443
30473
7644
29289
11364
24446
19259
16468
8653
15878
24222
14203
28070
30415
20109
19225
29138
29054
31779
20393
2411
21273
5476
9200
7603
3876
29137
27453
1870
5130
7482
15600
4015
5823
1236
27961
9937
16804
31371
21282
8487
19115
665
12240
4565
13499
8024
6917
5408
16470
3924
6378
7971
20345
12709
15628
8900
16579
1148
32420
9447
1498
29179
8731
4066
30987
24394
23501
23344
13872
12775
4110
23401
31447
16189
21610
20081
20896
23161
5681
30704
3303
29849
2612
25091
21667
709
18889
5682
19342
7907
16661
25249
3975
5734
21130
32650
6452
23398
21422
10474
16107
3062
18206
123
24275
946
30675
19427
29766
11159
22949
25387
7290
31768
21261
25458
20065
25965
21551
31203
18893
4655
24344
23268
472
14370
25924
14736
1667
27474
7779
21352
12701
10081
15452
25669
6887
799
8339
5778
6005
16987
30312
17335
18519
14841
22272
6360
31865
14917
23111
29632
27080
29575
14645
3096
406
2264
25937
15581
25664
17715
14708
529
14350
9935
10192
32432
26458
13484
2352
7909
2549
21100
29057
10878
32198
1637
11666
23454
29364
26100
19992
19889
28103
7188
25589
22693
1929
15919
20922
11352
27059
25396
22122
16460
20485
12521
13697
27554
4214
21379
8244
14662
28301
4980
17403
19559
15887
32132
8781
26922
6362
20771
5546
30111
11281
10493
10207
1780
24697
4560
7558
20200
25123
890
23244
32131
19276
28759
1399
27396
30337
24265
2087
7708
15367
16664
23259
601
7801
32637
13496
25317
10931
26745
2822
32112
3823
31595
380
16747
11566
16738
12221
3959
11482
10288
24610
3357
20393
5056
11194
24767
3524
6569
6031
27086
15657
6914
5931
18750
18509
12409
6235
20023
14342
7327
31795
6926
5289
14470
8530
5747
25199
3726
25448
31980
15646
6012
13301
9858
22245
19916
12371
21689
24199
2889
22774
7366
4284
25818
19955
16893
30932
30879
13503
5257
9373
25148
11065
10335
20359
18805
27627
30837
18694
16124
1933
18990
6712
23430
22475
25881
11976
21796
3913
29404
1298
32465
2787
7019
10631
26183
18489
12670
339
1048
9579
833
10302
12793
20001
9037
26064
23393
31183
15831
32185
7251
24375
20007
24432
17015
303
18508
31001
25712
14500
2831
12716
874
8159
11813
20052
27378
17159
169
18197
17163
14823
19401
20146
2174
3826
11711
4558
24433
6020
8451
29009
29755
8555
958
15373
24183
6566
13186
11170
14935
4204
4409
10398
27708
15985
348
6633
17027
28516
15462
17249
27041
30140
903
30657
26226
2996
3484
8647
2766
17812
16479
26774
6238
31027
2523
29529
1453
16058
28196
4137
6530
28330
7492
16945
20590
16673
9592
31503
16545
29273
5533
894
28673
4209
9189
22322
20606
22128
11470
30724
22175
14471
7765
31823
24161
1430
9062
23706
21058
16882
9112
17527
18585
8038
27415
27306
2856
13943
3809
13454
15604
25836
24886
10421
4693
30094
2633
29903
20297
29997
6460
2765
13
22755
8523
6470
8175
22941
14152
25369
8798
10454
25415
14932
4675
25254
23194
8788
15252
24828
5632
23854
4901
21543
6169
26702
20674
17564
30749
11358
28540
25075
1230
25706
2112
17202
5035
65
15022
31822
20583
1566
6183
11503
8345
14215
17704
27764
28597
32118
17623
14135
30523
24503
8924
16658
22318
2961
28530
20770
4808
11688
16830
2762
17772
8994
13407
18427
9180
17929
4166
26803
7596
22768
6600
15300
13047
21978
13297
25815
21072
9303
19996
25520
21243
31472
20416
8372
24414
28613
30349
8872
25522
31861
23224
20923
21758
31038
3475
27591
25670
21350
1632
3540
29183
729
20839
30430
21959
787
13638
26584
20051
21312
17033
17648
11689
16802
378
23573
5519
1588
12858
29878
22595
28813
21265
3277
20844
11526
24835
26397
19281
25887
1700
20151
17481
16159
11565
13251
10354
251
9166
1405
21414
23161
20806
28030
28587
6805
9138
20541
682
21540
12962
14037
16867
13751
18290
1545
31902
6338
16344
9861
13157
3070
32441
614
12144
23819
24385
31741
11873
25946
24114
16848
30258
7754
28028
9186
25963
16529
9743
20021
21400
29406
19437
3212
22010
19389
22659
31605
15485
10938
32569
19079
23274
11465
24648
29673
29278
16357
24011
3348
20219
6648
18202
5337
28125
5883
20051
25253
16207
16990
31801
6916
22847
4010
5698
19812
11760
1637
10987
7964
6895
25910
14415
10156
25672
73
8440
25158
28665
24309
25333
22670
21927
23708
17708
27295
5776
20691
28402
22606
4545
707
7641
28594
2185
27599
28105
1252
18221
3448
26451
5891
17885
24189
18497
18043
21991
4934
14962
135
12075
17794
27877
1013
29135
16144
17171
9002
28724
27675
3714
26469
21800
14474
1687
31048
31325
23703
29356
29332
793
23741
14946
32052
3888
16600
20536
25469
6704
18056
10845
30132
23259
4822
15811
26832
14042
10010
12149
4738
7855
7452
12330
9843
26092
28281
13850
22733
27554
19272
2320
2556
10013
17406
21697
24502
27854
19087
13660
28472
32649
20182
29282
23763
16881
31287
23480
5288
7216
20099
31995
176
27115
11291
6931
24575
1140
857
12299
9033
15682
13611
22815
29349
23711
26369
27415
16529
30881
19946
8404
3638
14427
13561
6185
17646
22356
17134
4332
18692
32057
17170
8780
10683
15822
30051
23140
4753
21802
10737
31761
25028
29732
11144
20225
2070
12553
15759
13837
5581
28816
12592
32713
6399
23311
21946
9561
12556
12782
18499
27526
31596
6492
26257
6673
15787
10818
26939
15686
28849
24693
26891
9685
4423
14640
21415
6878
22999
5569
4976
29259
18803
13954
28331
866
7193
25099
25055
10138
6198
3238
31101
15790
21864
5124
28358
25329
24712
25390
3050
22241
24808
4797
7021
15614
8921
22862
26319
12509
11121
24625
2156
24696
14731
20577
5281
8392
22542
11193
24112
12438
25971
18020
23014
7566
13441
29846
25979
32661
10843
16505
30137
32348
32189
15467
28640
21813
31619
17766
12874
18726
29803
18879
4171
17724
14363
26644
17755
4386
16742
31360
9079
22002
30667
25104
196
25931
10814
9851
10358
30372
10028
15885
21232
20192
5561
4581
26924
1570
29772
4704
5982
24546
24653
28629
29396
26945
2861
19331
14113
20889
167
29895
24186
12633
8774
1683
6496
13072
31784
31003
27008
21191
22273
31697
25559
10132
11106
11156
24089
27500
23100
31012
2900
13625
20128
21466
19408
6444
27848
27798
13371
9045
29275
9464
4098
24689
11245
32467
25346
26883
9157
8158
11872
8870
11748
15789
31925
11169
30019
1504
31087
9404
28251
22171
6004
19794
21226
23350
2824
9640
2805
24885
6896
2941
9993
31098
3287
1250
20423
14777
12530
11596
20128
12845
20704
30952
5084
27529
1492
16942
24033
306
14837
21945
26034
11179
22789
28758
13494
20304
29761
25435
1979
25416
23945
21306
25402
17589
32193
17493
15580
18989
27255
27156
24126
11118
32454
27701
25841
4429
31610
5732
966
25072
29300
9740
26952
7485
337
10860
28553
23954
8006
10989
31010
20663
590
1971
8053
15633
24456
18546
5685
26392
2778
19843
26665
27403
14811
5943
28972
24290
28144
5995
14713
20612
18869
16732
5669
29754
21918
19389
13037
5987
30686
22791
26930
11114
9095
31249
2114
31990
755
16096
29401
27488
8548
18880
13800
13418
22503
6291
31892
10286
382
30826
1410
22868
14973
22354
32082
7560
12085
26737
25193
29227
15824
20049
22004
6473
28540
16251
32297
716
3276
22856
24016
21999
20826
5364
17667
12021
690
4852
16178
25882
28267
12425
8810
27850
5015
7062
9174
10769
31582
22703
5510
18259
1253
28530
12655
25661
10357
12570
5555
12539
30169
19793
22051
18859
20999
10566
18178
26130
14339
11520
25868
12686
257
31474
32439
24396
30666
17871
697
20155
15200
14495
6090
21569
13541
9491
25003
31276
9401
27669
5991
19947
2787
21668
20185
3454
28338
17631
8558
18731
18851
4447
3629
19827
6534
22218
15604
26948
24029
4517
1796
25712
1157
26730
26815
14942
2456
23515
16561
27904
20113
20885
32718
1028
27825
11496
12026
3151
1698
27110
28111
11175
23899
28346
20122
7343
11331
1852
13222
10009
4249
16066
4542
26647
19
3128
15341
32530
4805
1139
7304
29343
9285
1730
32622
25007
4109
6086
20879
21765
3360
24196
31147
17646
27889
30649
11868
10028
16768
4973
27991
6451
11974
4299
30703
31384
27475
3120
30939
3014
13366
4994
14136
25843
14365
29891
31442
22866
15805
23270
1439
6794
2420
11489
18060
12392
17965
25347
10620
6352
30085
18056
10382
9210
11052
20331
671
24795
6029
5243
15121
11744
9649
433
18122
16866
12384
18625
2687
16727
4746
16367
3634
13253
5862
8996
2553
28029
2777
27457
12290
16773
30873
12211
22484
4054
19602
17992
28375
967
27145
5440
21015
5834
29439
19368
30021
11094
18264
29667
31487
21540
32572
5258
8784
7070
25790
21366
11643
24469
12475
20250
9716
5426
3845
8726
8624
2351
11713
17674
28062
28742
23566
17064
16758
23530
31720
29198
24753
26422
19275
11090
19672
12323
18587
10846
27906
28925
13891
5118
20121
19992
413
20791
25436
11199
4370
13531
24746
8301
15746
8026
9213
22336
31461
5339
16565
30378
29747
31115
6935
24426
7810
26677
13461
22458
1902
22292
3407
30410
25278
32485
16091
25710
6981
14399
13377
16659
27397
17191
9034
18936
16027
11488
11003
3483
26583
18432
15196
17521
25514
27337
10878
8665
14149
26549
6843
12627
10367
29779
5696
5101
21879
29266
969
12799
28539
20187
22700
13592
7465
27685
11289
24120
18388
18755
4000
3136
22570
23616
20723
1702
9747
21101
2286
24685
8156
11002
7124
1877
27796
24516
3804
21327
3510
4206
22252
10803
17417
25523
1188
2997
15301
4858
29086
6550
17399
21547
21236
28695
5414
5570
21763
25267
27447
16674
9327
28941
30350
30507
2152
2088
26742
31502
29227
25558
7875
16224
9675
9331
12982
18798
24625
27858
28448
24273
7777
7288
29130
12610
27136
31240
31765
31919
20243
25087
14046
19342
24330
19873
28068
21873
25853
17972
1261
11226
12085
6251
12261
10577
4590
23589
10569
22197
1883
9304
29571
15056
4331
27463
25623
18477
15819
3836
32317
23854
31404
29170
24783
2649
3782
5138
19302
4851
27165
14304
32449
23504
10499
26615
31846
15465
28894
28851
27019
26159
2603
8749
6454
22047
23491
28268
420
1175
11101
14297
8424
18280
18261
25588
5332
6700
32172
1606
27164
16602
1103
14230
26297
30871
13980
28000
21388
10959
19490
25987
2372
22149
27816
31290
17537
9191
17777
29261
1337
22054
959
8585
32092
3972
22678
28013
21171
7087
27074
2598
14350
13389
21532
958
8606
29656
8968
26512
6304
27308
24898
8703
29243
2654
9947
25703
28076
23376
18558
10068
32160
12418
3064
7410
16609
19883
1527
10181
28213
13193
1298
10650
14212
1653
11786
16062
26680
17210
11600
14701
17129
13863
8647
29069
25146
26723
9418
15517
8446
30593
4977
8680
19872
2900
32016
7934
11457
24069
23297
4196
3874
2658
30116
4747
32453
5241
6819
28415
18255
24678
2171
27105
23985
2921
13112
919
27399
23356
18047
706
32448
14243
2258
23152
11264
25156
1040
16532
5698
24761
5947
2227
12610
19684
21886
5855
14362
32642
22127
32489
8107
18691
23441
9171
2110
11418
28445
27524
29291
20880
24578
23231
15163
7901
16170
11606
9097
13561
16895
16027
26286
14832
11822
22040
9309
11189
12970
11392
8651
11448
20981
15589
9747
32442
16795
13866
30170
8160
25343
8380
12846
15879
14681
3197
7860
29784
256
23297
4867
1820
19429
31229
6987
4561
18272
8700
3130
23421
3888
27988
3616
17730
12733
23385
25425
1843
18847
5072
28107
12134
20580
32423
14360
5962
3726
995
1398
17211
19676
2009
11574
24660
10955
30625
17762
21637
15963
31176
24738
5349
24854
5957
25440
13897
20047
28846
13355
27669
30376
21420
19289
26962
11479
17581
26097
22529
4009
20696
24520
23215
21830
15430
30953
19530
23480
24687
2618
12851
8871
20194
27997
5268
4710
3130
7125
12532
13364
30541
18794
15113
16315
12454
32206
8141
8669
5686
29056
32468
24752
10054
12785
19932
199
25776
20710
23206
20404
335
8989
7940
14282
30388
21043
6964
296
21018
17861
10860
9203
19868
10198
1462
4066
2470
2160
26878
3328
31402
25742
3689
6573
24340
5178
29673
27110
20863
25587
7951
27591
19241
23889
21280
30030
10916
748
28010
32610
4815
889
23512
4628
13829
10294
25029
17956
24980
649
7950
32711
23921
7395
3435
18087
29738
13035
26623
24364
14107
13529
12589
2298
21221
6687
19118
1723
2076
18255
21472
21278
7232
2873
16993
10015
22255
30547
26845
13706
24408
5983
24612
16314
3571
19527
1664
26535
1648
20044
2373
25376
11757
6751
11433
29780
20843
20175
17878
19351
4227
15141
6974
13923
24661
10061
7983
16285
15042
5622
14503
9498
19931
1594
3689
18018
16280
30850
2128
28852
22990
15012
31460
11338
12891
16207
12587
28381
9123
1193
18626
22380
10561
20022
5163
22330
29942
13820
30569
27670
20453
22757
29386
20446
7171
8804
20485
16710
2505
31579
9604
18902
22060
24637
9219
9522
9422
8816
25178
11678
19062
22773
7063
29121
7102
17482
4944
22441
5131
10639
5176
28944
26818
26857
15599
25822
23737
21284
3871
4591
26604
668
29892
20245
1906
15197
12235
27745
18863
5769
26591
22942
27338
31994
19072
5663
5473
13609
29013
19899
7036
2126
707
18197
15296
17097
16574
1825
18150
5057
31199
19939
14699
4107
4279
20602
7560
23629
3428
21598
18788
16995
28001
4070
19849
13825
9635
29709
10132
3226
2785
17269
3377
27777
5171
6828
25415
14159
11230
19887
13680
29572
622
16044
16812
31089
6150
4620
27734
26453
28661
25521
12375
8390
8841
24956
24473
23890
16680
28435
18367
2663
16540
14049
3859
1136
23983
19550
23999
27457
12280
17296
10049
5557
24308
25042
10265
26773
11609
19412
27588
5308
20134
21731
28398
121
15103
21354
12772
24629
30008
7865
20296
16982
30512
6662
27400
4707
14432
28849
3472
22376
691
26573
16191
12700
2456
26843
30744
23361
30550
10712
14267
12492
25761
5755
22931
1094
28266
24248
31056
16370
24059
20104
31640
7216
5954
21228
3833
27809
16749
20527
14627
18572
23992
11628
17492
4736
16515
14673
8467
9019
8360
19490
4129
7115
12555
19201
10413
8947
30835
28780
3783
4560
23448
32263
28183
21436
3453
15260
3279
32115
23039
26464
2782
24437
32430
31608
8551
6059
1501
27835
30321
26188
22517
18106
22752
18946
30479
18685
30884
10057
6337
27024
28464
32536
4663
24767
11309
30916
19078
8733
6768
17185
10046
26315
4394
4330
10046
11510
25951
13411
8141
20642
12186
7740
20454
8614
6622
17337
15826
6904
18911
12304
4861
7979
15218
17683
27138
24118
8003
28430
17160
18551
4550
20467
4689
13048
15984
9652
7440
4336
17190
28657
6267
26253
26614
6355
16162
22768
32517
9528
20607
32634
200
12304
11982
23110
14455
13574
3871
4598
5311
28260
28585
25779
28856
18992
18529
25711
26902
15003
10699
27245
4515
26013
15888
25604
7917
30681
24658
23712
22587
7878
15932
26889
26054
28176
14301
22504
20262
13372
29110
19335
15883
652
19729
8408
22829
27682
14997
18361
19334
16487
6936
28790
19390
17582
8884
12943
14311
12565
29213
4284
6506
29868
23089
32303
9537
1242
32209
18713
3175
15356
17904
3695
12429
2894
23529
6894
4367
1039
7702
23901
1062
31712
17054
19986
4191
20590
7310
28599
31308
3664
14124
19790
23161
32563
15240
6515
20385
25396
21587
21217
8482
22925
1012
4664
26031
15476
8409
25854
581
29760
27659
23011
5472
1486
30214
8777
8814
24611
17863
27907
4484
11602
30246
24157
22352
10912
15718
18781
22863
19431
4875
3657
25151
11832
26603
17001
15064
7620
9352
1294
15031
13053
24989
9684
26011
19192
3831
35
26835
24342
31878
12284
3319
32739
31156
1010
28631
30526
32501
20598
6833
21947
5536
2136
18599
28485
29181
16011
29039
2824
29599
29993
27725
19086
32756
23990
16190
3111
27418
28329
28278
19599
25332
29224
24589
19403
4222
29204
10230
31060
25437
9541
20528
27511
15291
16919
28992
26108
26193
23077
11998
13318
7877
9044
27887
22842
3127
21012
20659
24099
27671
26850
25152
15317
24377
8465
25135
10961
3371
20683
10133
22825
4550
29267
6709
19429
26883
12428
7411
28580
19728
7359
31884
7303
15011
29081
13957
4426
3983
1907
11361
10676
30613
24023
5911
21554
7036
24127
20163
2751
18019
15391
15004
21254
30039
5670
32038
2507
1313
15553
12457
32135
29281
16866
18401
7250
24545
13823
26359
14598
22307
13917
18608
11170
30524
12430
997
20716
1509
32569
17715
11611
5840
17433
20723
14131
15672
9032
24940
3058
31676
17342
13640
5355
26221
14612
25157
24369
11046
14990
16429
10934
29724
19289
8
29876
22709
14353
17296
332
20638
3463
18661
10350
23832
27840
32386
27128
23698
24641
4976
3362
15485
5769
22457
20249
32092
9696
288
25834
15642
15695
10255
21666
15265
26352
4305
27059
3496
16232
5377
18586
29132
18097
16707
26047
31715
11805
31538
25501
2701
18327
17305
7202
15115
31276
26853
22873
20309
24523
15834
326
14950
28745
10374
14610
18139
23976
7539
17256
3004
1433
23329
7710
9114
7231
31155
8984
23002
29750
8937
12393
16976
2004
1614
7100
28432
10159
23987
29939
14464
29279
5595
23565
19378
31109
28536
28237
29425
14348
11350
3736
19610
15790
7383
3360
25646
13242
8607
29247
24996
7957
30096
28837
17156
895
21497
17078
21553
19480
20234
30510
22790
7459
27276
28935
7589
29449
20175
7836
24844
12961
10211
11278
19946
3758
1290
13543
30128
26282
19566
14589
490
706
5904
22682
4048
20769
2305
7129
27160
2161
31188
18771
5391
21407
339
4091
24808
27359
15473
2119
30292
15857
24192
20625
4435
5026
25252
18620
24137
17045
29064
12570
11604
26435
20303
12429
28637
15169
26062
1517
13421
29122
16120
26794
5314
15708
921
23731
18979
25359
21064
32150
23536
32387
662
1256
7293
23441
10380
4071
26656
2309
27733
26718
23177
2210
2615
21705
28242
16487
3784
13242
15063
4369
9054
26235
17480
13793
32455
20213
4605
20895
20026
25808
32521
19679
10894
9692
30993
27011
28074
26032
8543
12161
31805
16529
1074
5863
22447
13717
23128
4892
3159
11271
2303
25448
20462
26638
21449
19638
25667
12938
29982
8345
4657
14399
4294
13710
20686
25653
13495
13441
27878
14686
23595
24466
17576
28538
10486
13848
27550
22328
18199
6630
19171
18846
11917
22990
4496
9898
14188
17764
2423
10042
13359
11780
9236
1577
1616
30999
21440
17595
24854
10129
1320
3643
11951
30398
19710
32482
19326
32319
7662
20987
2998
28496
6868
15173
16168
22860
22828
28569
10073
6002
10185
8396
5080
19433
11723
28887
6350
3074
30155
8245
5079
8638
14680
31629
29456
1680
167
19601
29298
31587
27270
21030
17246
25055
12434
965
21112
15080
15274
9249
8121
28264
23715
26378
23744
16463
32061
11921
17769
5848
23894
9069
26273
30221
12382
11421
18297
21645
12043
2639
10361
11661
29006
6145
19766
29725
9349
31206
1062
19372
29170
14731
24756
10703
10604
5562
23440
17726
1108
2463
19785
30239
5323
20265
30493
27528
13602
24755
3600
23103
2962
15844
31803
2244
30254
30675
19559
23697
29461
18543
29658
19616
22764
14623
28273
23854
29580
7333
24815
2239
22775
24648
13717
14946
2705
30770
26355
15670
13965
27415
27901
17709
11685
16663
97
29968
24846
23014
10264
1475
31915
28202
17723
29387
29057
16420
4377
20493
1131
16275
16774
11480
13582
9429
18294
10278
4368
18256
23498
6687
18309
13072
20073
30431
4266
16817
19347
20089
15830
14976
2930
3644
1453
15837
8178
26421
24727
32740
21715
32244
2417
5708
22013
18323
30338
23950
4115
14325
24240
14666
32586
9548
7923
13287
24700
1246
5131
16763
30840
25864
15470
10730
26013
18563
13957
24145
12199
18150
28439
15781
2504
5740
5126
3223
31483
25336
7993
9403
24725
5718
3545
7914
32540
30148
6080
31973
5469
14513
31534
5690
9657
31940
12478
19564
27072
15136
7065
19022
9217
8935
2538
21168
17439
31996
6546
25149
4392
32014
21788
10404
20003
9170
7411
7414
3304
5775
12498
12623
9013
4064
28029
27065
30205
19894
4783
23117
3843
8348
9555
20636
12456
63
16886
11341
23553
18733
29565
11015
32045
2013
25107
11153
12774
29936
28262
11319
24149
1718
3347
2160
1067
15348
30302
14783
4077
996
32295
8151
4239
26494
10266
5122
3397
22518
19493
19395
28054
18054
24367
20154
10162
26989
13319
969
10501
21048
18586
6517
11532
14656
29546
19855
30312
8820
1339
22547
7729
16216
13071
32080
28044
12878
23637
2889
30080
5909
350
18012
22789
29839
32272
2337
32094
31687
23774
7061
5289
14386
22008
1400
14005
5429
20158
24563
31763
23784
28027
27262
20336
5146
5456
26369
26914
22421
24174
313
10496
7842
24200
17758
17015
1744
21897
27139
28378
3314
4738
28989
6650
22375
9446
25863
15607
30110
11769
13029
23381
14552
26246
27336
22098
2608
11472
25906
2679
25049
11980
5274
27502
17320
1165
1554
4627
25810
20224
21799
28877
24310
11993
5897
8735
5214
10189
236
1402
10626
17410
19885
7766
14285
3012
9913
27009
7588
9593
5163
7350
4005
12759
14388
1137
20268
14420
22976
29698
10780
14302
598
31712
10204
12237
13120
23105
1951
13590
30189
23015
29673
26561
19347
4925
3919
23709
16408
17314
15998
20274
9267
12037
21374
12279
13007
16306
32312
25285
9648
22635
9782
16780
32088
3259
4523
14149
44
13191
32179
1831
13523
2022
3035
5150
23519
19507
10468
15481
11439
9056
20676
7650
22931
5260
21486
21908
7986
27864
467
4296
25385
29559
23721
368
9717
9221
14955
2856
19475
25370
30497
15466
613
24862
7265
26625
16856
8031
8726
29376
13892
19296
11392
10611
3220
25717
27516
13078
27686
24460
32518
29509
8053
15694
1276
28916
12277
18023
13348
5472
31038
25121
10353
22341
30573
15160
17538
9810
21703
9962
19564
10970
31392
589
7609
11724
10620
31205
10417
15589
23667
28534
3800
24356
31706
29207
2743
28031
8991
31880
1247
25556
32245
28101
31276
15906
177
28635
5959
13817
32756
16635
11630
29743
27531
4813
25720
2773
12435
29702
19987
19305
1761
30781
15953
19789
11681
4603
3427
14456
23356
21265
9892
10348
25728
1838
2265
15208
24315
23728
7094
8670
17063
4027
32421
16935
20173
19336
13508
17526
13859
13824
21036
6923
22071
22922
3705
23209
32273
24865
24711
30537
2068
23209
1913
14608
19238
29571
9472
32127
10001
25439
19674
6378
12328
31057
11672
27691
15917
32552
13989
663
25202
26363
24452
19505
2367
30468
29785
18462
19060
26545
2987
13145
11631
10233
2408
4008
25648
15341
21289
5839
16827
27023
6584
28163
28606
10214
23504
11681
10100
1106
1571
4384
29129
29214
21665
25413
12991
14420
22776
31381
1040
29141
19031
23056
8981
21416
632
18972
30182
11667
19421
32192
27587
22760
25946
6162
15539
2466
24275
9715
19562
13744
13127
24569
13424
1681
17421
18605
14720
2337
6494
31479
12335
4019
3092
15574
5326
31327
15537
10836
23184
22942
31651
3258
13808
7956
1735
12800
26189
20652
16427
22663
17111
29162
16920
779
3759
6013
29776
18643
22602
22804
1684
30250
26647
5491
29801
4371
609
15558
30236
5689
118
5429
772
549
1289
11704
18695
31411
20437
29485
15711
11463
29827
7080
10910
12860
30926
23562
24560
5149
7653
7125
26017
15640
22800
6974
23263
28719
16279
16260
24768
6065
27104
31105
13959
105
4567
31359
27427
21781
28818
11084
18424
28186
7990
6545
22754
18805
32532
20319
13687
16117
27928
18699
28557
17575
17508
32060
19197
22418
29752
11074
8870
23717
11541
25513
7860
3566
26914
32526
8226
18445
21454
30514
1405
19431
21687
22093
11499
18591
16843
12453
22381
16834
31916
23646
20833
9665
32601
23444
1099
10405
7180
11431
21972
14078
29790
29910
30739
5404
27569
14608
3852
32386
6351
6406
20342
22936
31439
16517
31426
21408
30009
771
23640
30955
22378
21880
11300
7501
29497
6767
31313
10446
1754
29788
2132
7330
32259
4656
13101
25692
20046
10795
21225
18270
29407
5873
13164
3732
19270
19169
2669
12898
24998
3490
3778
9434
23575
14334
5342
3123
7498
25076
21656
374
22636
14088
15406
10107
7244
25822
29833
11796
6591
22535
31426
5512
10564
15131
29414
17987
21476
27656
6134
20683
25436
23465
27954
27126
15742
2971
5271
30555
3797
7756
28327
16390
2184
11604
26472
5488
13696
23049
5295
2222
10957
19533
2462
32744
5958
5035
876
16397
30320
7843
21348
16069
27298
15425
10801
20647
614
23541
10328
1965
27937
32670
22534
21988
25335
5096
29708
18536
17385
8920
8232
28304
12864
5285
30342
16742
11311
29386
3718
8026
26804
24921
24768
12343
31679
17042
11334
17749
1430
14516
16680
2577
29048
31251
21566
6266
1920
11115
16417
17997
21965
13428
22395
15908
13536
17078
11393
14570
27461
28319
29117
27538
13430
14035
22545
32008
12028
17859
3577
6248
30167
13697
17424
28527
26912
17875
23254
16687
27117
14470
7600
14598
3445
18436
12080
14800
2933
27689
2711
26972
27602
24915
16024
4125
14207
9656
17759
8482
12449
24829
7634
32328
22001
27140
2583
19631
13666
24325
5974
28010
20997
992
21184
28283
8489
23217
20432
2046
25286
10917
25552
31140
22812
26893
15008
23651
9111
14513
10419
15468
16630
29543
24154
3934
31916
29156
24645
23225
19334
1489
26950
7829
23439
23074
6489
22676
23345
11683
5602
13077
15260
7123
32565
13482
29292
26614
24411
973
32389
32358
30228
4814
13378
8234
1560
18448
5328
27849
1954
30325
13524
15968
25647
14871
30292
3059
8067
3385
6612
17921
4590
10621
27327
24923
6093
2391
2825
1078
23123
7617
8723
2430
5514
3120
29391
20077
32660
2247
7460
32349
13623
8395
3732
20698
20377
2392
26140
28156
1863
18002
20315
27891
2172
15773
6391
8420
23713
2705
2621
10228
3344
9640
15367
28834
25373
13434
30947
10585
26967
5612
26737
20037
4619
32420
2573
18791
9994
14784
17070
22756
26284
25031
526
12195
29205
9695
17164
1046
28855
28481
27470
344
3352
31467
20010
20089
11990
15252
22215
8214
5608
6117
7551
2092
15142
22758
27784
30765
6668
23735
30676
10580
18363
24960
19509
24374
31552
31914
14789
14491
27417
4688
15749
651
9205
24816
11844
16812
15548
30055
12483
26059
3023
6940
14102
23480
16785
7291
3917
29015
3110
26533
17748
16372
10363
27493
23576
4311
1158
16487
8683
28696
22223
29348
9258
25013
20271
32545
1565
27874
17623
23001
16158
29088
1429
4087
1022
31889
10835
23113
24484
3339
5345
13298
16119
363
31476
18783
29695
7596
8814
21372
29766
24632
13023
13095
22149
6397
16460
24805
21372
30404
29488
1235
20002
32446
29121
19168
9982
8800
28276
18234
24277
26481
32707
32518
19589
22114
9518
26964
27185
8925
7552
31826
32158
17056
29267
6847
8157
26252
23766
30115
26667
2553
26574
13886
15893
3149
29403
1086
5856
2253
31485
15413
8743
24755
19542
27209
10694
11136
306
23854
10487
403
29252
25937
24251
21755
31794
5206
24444
19594
15957
4293
27120
21802
14010
20992
832
23924
24428
22649
7786
28543
12533
13857
21220
7414
11810
31524
26242
29038
23815
23251
11929
24310
20803
7393
3173
22767
11141
11987
2216
4382
12879
27058
21140
2815
26618
24579
9707
31068
16891
18425
23653
6687
25956
21992
11858
1125
3246
6909
26240
7379
31413
15405
3423
9261
7940
5483
20323
5156
20307
7454
8874
15984
14926
7122
28639
25119
30616
3117
16990
11053
22800
14117
17304
20564
24915
24689
1465
17189
898
5949
24969
9816
4165
32546
27536
32353
29711
9557
17534
20548
10916
13855
18634
8873
3033
9869
25496
5427
21915
9832
2272
526
5939
28263
6861
24007
25032
16036
15971
18785
25126
8525
25445
2725
18366
17820
886
24249
7405
1801
23678
23284
29825
29886
10831
20465
4217
27979
9097
25314
26124
8859
15802
20775
8941
6694
31946
4640
6094
32105
20887
19263
11299
20115
19420
19041
16168
21890
9047
31326
6693
22765
23595
1502
22512
30691
2691
7279
26036
14196
31096
3541
242
6318
14645
12193
22213
19147
22616
16646
10346
19880
19612
16615
6399
6265
20149
27188
2187
6332
11644
19063
8255
7531
23628
9898
29692
630
16556
8780
23829
12400
814
23732
29269
17544
26519
30884
16708
29884
28735
16929
11430
1097
20667
26242
5189
23654
29626
29384
10736
7473
6189
3117
6084
15082
18859
5888
23466
31583
14355
16303
31777
26535
12915
6694
31294
1555
18728
19287
9456
28770
23367
28954
12681
6708
4924
15416
15738
23490
5809
28866
7518
5323
28082
16552
7483
31698
25870
13446
5636
28038
28672
5825
31842
20610
19726
5331
19635
24886
29234
2787
30804
31269
1080
11673
14363
11346
23911
1584
26664
15348
26467
29901
20702
21873
19538
11535
300
3722
17214
24807
7697
2003
31674
3498
19295
16999
27849
8036
4543
32217
2811
24176
26101
12910
10713
23365
13669
31625
3203
19603
7126
1638
27032
5007
9847
22795
26198
23178
18463
1404
19715
457
25305
7471
651
20113
2720
30911
32618
4225
25959
10212
20428
12581
19549
7587
24307
25031
4718
27842
4570
23432
5133
10367
29976
26032
29745
15746
518
5699
10909
22287
16164
213
18277
9344
16313
18334
4014
4851
18106
17105
22453
20288
4333
12842
15891
9262
2638
11462
11327
2278
29362
17208
16468
29607
13738
2009
1044
17596
31146
29023
5421
23979
10859
19378
8892
14512
653
11003
25616
5225
22657
5373
27824
2003
12966
21672
415
4725
26290
11243
21470
31963
18516
22475
17459
7494
11032
6834
5161
21666
15242
16649
10328
22456
29598
21512
16358
6309
11855
28365
17742
25739
7815
27052
7264
2438
11583
20423
4490
6370
743
21214
20053
6539
16392
12648
30514
16068
10536
17122
22135
30492
18926
7783
14501
26526
21382
3969
24044
10057
14919
19775
9457
20160
22163
10119
21198
12354
3327
7854
7258
19419
16820
6470
21676
21468
6934
11319
25818
21898
22435
10514
28934
23059
15133
26273
20124
5062
22251
30659
12245
27522
12733
17526
10368
623
4719
14646
28673
31725
29232
134
1178
9162
23011
31436
5097
17592
11973
26721
19634
17150
12880
31209
32223
20333
14688
15072
9925
18070
24213
2678
23721
4154
13304
5789
10627
4866
14305
3424
18433
4208
4376
30838
24783
32022
22074
30487
11542
10502
25694
18958
8771
19593
2297
26128
2825
19732
767
76
12713
20087
8011
18755
32625
25688
29761
18906
13698
30688
178
5805
8919
13748
12799
19879
31619
6183
5506
4560
13626
25006
14633
31077
3347
7060
32612
8750
6796
27886
27202
24588
5071
24018
8663
14802
10036
23236
14816
10325
3590
3185
31402
19399
15498
22432
12591
2880
21309
6501
19074
21150
13662
29591
15982
25231
26796
15749
3418
26348
8817
27877
21872
18249
9663
2829
17151
26058
22266
2662
24605
16440
10390
4125
1936
10067
17698
1563
32495
106
6790
2360
31748
17706
10889
1963
6517
13748
17558
9157
32419
28914
3263
12000
16083
26410
29698
20626
13196
23251
1483
11814
22079
25512
11963
9804
23854
10236
24744
29967
8070
16461
14309
21512
1230
31003
1475
27345
901
26362
25687
9149
29447
231
14206
14534
13489
13528
16159
3271
30789
10903
7856
9452
8080
10447
32252
22118
1354
20583
10019
31843
11069
8720
17890
19005
5034
538
11284
3569
18920
11916
16249
30420
24142
23411
29879
13441
22867
27002
31646
534
27124
27323
176
29088
21334
27093
10209
3027
23981
10047
9371
6143
20060
16604
4869
8255
11102
30671
30341
1524
19940
2192
388
14961
2111
18751
2673
28664
25345
569
21000
22246
13663
13546
32468
15146
7386
17634
29170
5627
6175
14122
22809
26571
18731
31704
8663
28278
8882
30177
12829
3008
1218
13615
2558
28670
3236
5875
12980
23827
7171
16445
7908
5534
23375
9930
24611
19570
15204
7196
21944
10311
14951
3792
14499
12207
28657
30253
10463
12619
9328
7161
8165
31806
30666
14480
27761
31970
23363
5431
7048
4538
25248
10413
29370
11432
12428
25091
24485
5216
572
5550
186
23069
7759
16603
11076
22419
11000
5890
4773
18724
12126
3518
29923
22614
17475
23260
28772
10885
14308
6321
26358
18389
10529
1201
4627
28267
24030
3134
11362
9693
22697
7102
21632
9958
29085
25584
3329
27487
30342
2432
32178
31338
5702
29401
23073
17649
7031
10298
4448
9807
14929
31244
11013
23884
30158
24947
30069
4431
24589
20259
26979
14287
14836
23669
26259
28171
13850
4793
11748
6907
25316
15566
15501
28038
32750
30449
27815
2805
17068
28883
32492
424
20049
5614
29118
21511
25327
4120
18795
12220
2016
22617
11695
9504
13670
18938
122
29426
16782
27614
20980
14927
5210
25622
21950
11998
26398
18863
15739
5964
4907
18638
7312
12792
13227
19712
14631
20975
7884
9675
28282
18458
31265
22921
1102
27830
28229
6774
8125
23813
15809
4615
12601
16707
17199
30333
974
11996
6816
7867
20903
31452
31292
2132
468
4263
32296
1001
29515
8426
27565
31666
31020
15569
12182
2138
27721
12667
7129
18448
30181
14251
10362
11227
30652
19392
15277
12077
13636
16871
15675
11708
8755
27279
31014
19341
31297
23325
5520
9041
1583
12001
8153
12021
12808
21577
29960
7797
22695
14933
2412
4337
26745
29259
21379
25602
17796
6572
24090
3406
3240
8294
17846
12890
7205
16203
9523
29344
1374
12994
13739
6114
19421
3517
9625
8381
5526
14571
27454
22913
12400
29230
5700
30528
4353
24655
25762
26917
11929
3825
7871
21511
24707
26307
32474
27710
8327
30202
10153
8630
22195
7423
28224
21058
4700
29540
31541
30258
21599
31005
1794
31527
20140
26605
13738
16678
15622
14622
21920
28140
15108
13173
1508
2689
15196
5477
1903
7952
1120
12163
15825
16630
21961
826
8985
18201
7092
14784
13045
6267
21226
1864
4378
18703
612
20090
28390
30923
28175
6176
29764
10494
26316
13090
12241
31716
23483
4276
21053
4727
4281
12494
14579
31881
7719
13020
3068
28432
7662
24248
29472
13505
10687
14805
9807
3296
3744
31933
23872
27734
22948
31933
25176
21764
8697
24030
19661
14167
13352
8472
9739
4636
665
25283
32343
17558
32598
23886
13490
18126
17168
1075
30208
15403
9575
19242
14185
5186
10854
28062
12288
11759
26957
19037
5538
12453
20628
10131
8481
4098
27436
29433
7586
28071
2824
21066
1860
19782
31964
6135
32003
20220
10533
28699
2523
25570
18025
22961
2352
12511
192
16389
10861
5056
14995
18536
22508
32394
19108
10280
1302
7438
23374
5823
10187
30911
20239
12363
24836
3777
20035
23614
6326
3138
25138
3159
4346
9485
16717
26577
13420
14428
12469
14042
9168
14318
7933
8774
18172
1370
23601
7045
25842
14755
4887
210
1868
2828
26548
20910
11485
17710
24338
1933
3989
1863
29761
26319
421
15573
32412
23537
9700
1124
19789
14597
1905
30884
7188
26463
21658
4030
17732
24978
16637
1256
21774
2459
21229
56
25089
12123
8216
28853
20178
23371
15718
19636
22873
12651
26148
11362
6877
123
7777
29341
23953
20846
21656
30728
27486
2844
18064
27742
14819
32311
11649
25094
6075
28032
30072
14312
16126
26170
1020
21888
28938
31967
20978
27952
32643
16915
23742
14555
26264
982
12971
25775
23688
12029
7821
7234
31333
25827
13989
28129
25113
6492
21188
30757
1446
19690
11699
5574
29618
14132
13779
31668
19778
30131
20737
32100
18630
4783
6076
27496
26198
30826
19338
16451
14651
9371
3223
3963
27313
12317
4768
27376
23019
32489
27919
12907
32088
11330
3688
378
26917
1839
9955
12156
7939
13102
4699
5624
2858
16679
23910
4403
21149
21663
9670
28417
22192
10542
23040
16347
4552
3123
7242
15922
12643
7878
19626
16387
4440
29678
32349
26284
31839
24340
23670
254
21971
1720
16839
21395
4279
3939
2052
15201
6136
29405
21030
24208
3057
22431
22030
24457
31028
31883
26987
18000
27784
3291
21981
5139
2094
28760
14427
13571
32361
27596
28626
17506
5437
9657
24334
22237
6006
25419
1502
16157
22252
4492
13683
153
9222
28375
25610
25774
24189
26767
25547
26097
866
272
240
26052
23651
20966
19241
24615
13386
32318
3647
4561
13510
10649
15864
17536
20846
18120
22844
13709
25603
21268
2165
19139
24053
20925
31548
2417
13097
7078
18737
958
25082
22350
23082
12349
15486
11522
6545
24513
22282
2897
30983
17779
16376
4033
1613
17697
25767
26560
6245
31705
18372
15837
22516
14007
27848
1848
9963
19451
7362
17719
11110
2654
26711
3963
469
12967
2823
31251
23129
12153
5042
11247
1393
32623
30298
14743
13269
1387
27434
6173
28066
13098
16055
15439
1208
16924
30599
14898
1632
28275
29904
30892
28723
26746
27265
19841
11319
28713
24198
5505
6218
20214
2888
7423
7364
9197
19316
27780
5720
13827
29438
19909
5947
16552
14693
7379
17288
28315
6456
14738
19684
30466
18649
11628
20830
4282
12417
22854
8600
12268
388
16307
12844
16865
21207
16232
15433
23319
26319
20977
20893
2964
32299
8866
26488
19834
23637
4559
7470
16860
24805
30784
16829
12240
23143
16095
23727
31173
30302
7860
15938
32023
29321
7443
23239
4065
29540
6164
30024
4371
9202
30532
23917
16068
698
21658
17568
18121
15
12717
28272
17798
20885
3363
16435
9988
7937
27757
29680
7748
27680
11698
29308
9939
25627
13832
6370
17567
27129
20458
27912
30217
4709
19943
1424
3131
27314
17815
10493
23996
12572
30419
26647
1857
25169
13093
14224
11975
16432
22910
19687
31966
13776
14887
17037
16456
15556
30458
18247
28610
10141
13266
23763
32290
30129
11072
27086
13474
5147
31616
8917
1916
12291
16299
3819
6327
32288
18733
11034
23872
7034
3450
29021
6204
27509
7165
18110
8349
5899
12369
5308
9459
4441
13492
4591
24965
17757
18617
32239
31905
20734
8253
21617
32048
29004
20123
15283
3981
1034
21028
12827
3224
17002
29641
16155
30470
6423
20251
11095
25339
16760
5750
1034
31706
52
26488
28069
7260
11505
17336
2490
11487
26466
437
29721
15361
7552
18957
6969
1390
18199
29936
30681
23286
31365
23507
26598
9187
16062
29545
12448
26249
16020
16847
27641
4126
16694
1287
25917
28364
3062
7591
10488
4613
4431
4562
19477
1303
4390
15464
11843
6144
3664
31866
15261
10883
15701
30977
29065
11643
20595
19663
10976
20080
17638
11973
30544
360
5479
27207
511
23807
30195
15341
19313
31930
31949
26235
15020
23961
23750
5140
18842
26859
5308
22442
20654
8550
14433
25273
13770
9847
13885
17205
609
471
16119
15809
9433
29535
12752
6177
24883
12061
12912
26610
13549
16807
19429
14744
12839
3759
17641
9081
5638
7640
2403
6505
7766
10696
19761
5220
25203
9599
19493
25219
13161
11239
19277
13097
18266
3500
16248
13181
13344
29005
15605
20254
32052
14708
5278
26898
14542
9603
16918
8447
4174
24687
3918
30877
8155
29137
4430
28011
31050
17722
25138
23201
20033
15303
15474
14182
1436
31734
23399
1348
16399
29624
17675
729
4109
16584
24833
30415
26857
29498
213
9998
2364
24151
15748
20527
25734
27560
20031
12596
20504
9297
15468
32631
30513
25761
6382
22241
23143
28134
5798
31324
24136
19078
11833
30859
11586
14411
12052
2232
28864
3327
25006
13326
9622
18745
7949
7944
3999
19830
396
1833
4260
25963
4827
18670
26240
7578
6983
513
5250
5924
30268
9135
31763
19934
4104
2460
26777
1190
28897
26805
4763
19448
31018
10855
24101
22204
13042
2062
22638
4450
23742
31409
14520
12081
4488
21228
26744
8668
12807
3373
22199
12119
29489
13860
6840
6632
13823
29556
10715
3713
3184
1199
9409
19789
4048
20609
32689
16521
27706
21035
2618
30101
17756
31539
6682
11339
22650
23898
23903
28815
32693
12495
6092
29223
31374
2722
20350
3790
8102
22395
11472
17027
23495
28300
4475
29223
8744
20676
11010
17479
12781
26694
1101
31799
21742
23577
23187
2912
31673
19489
14718
19674
23258
2382
8842
7998
27994
7699
17327
20661
133
15130
319
4437
11504
23606
22289
24494
24763
14745
21727
9119
24340
22855
14829
27503
22780
21706
29675
32536
846
10023
1309
15846
19965
5906
5561
31297
8349
4446
13457
18375
16421
1975
2801
28575
16883
10131
1995
32521
12304
32102
17937
9273
17078
22549
12899
19813
21263
174
13290
15901
27456
6742
23684
3803
6054
16003
25633
19163
23903
10603
29549
8236
31245
2748
431
22024
20694
20109
18928
32097
10416
29332
7009
4028
8155
15258
2295
28738
30894
24365
15448
788
9111
30101
28666
20192
10846
18441
21641
23730
24745
20258
25994
18956
32197
30095
28991
16696
931
29451
22474
19421
5921
21388
17812
13265
11659
32445
27888
26158
13154
21423
764
3240
4188
11467
968
20765
11435
24588
443
32622
23426
3947
1074
31118
20182
23962
14697
12760
30818
23284
32671
8102
31725
16053
2421
25119
5839
16486
8600
1360
8370
9628
20895
7551
2454
22498
28727
11451
31000
5876
23165
1720
29427
6958
23723
9946
9415
15427
3575
11408
16665
28722
9144
29155
2971
13942
32715
28751
31406
17277
32309
26577
4646
92
17929
31809
23373
12993
8589
15586
7722
24873
8600
19000
16387
18259
4158
3609
27424
28404
30383
14855
25554
16556
14941
32701
11956
8505
5469
14344
27697
28395
28176
27608
3398
29527
20994
29591
17801
7504
6162
8377
24171
5907
28116
9621
20410
3266
21555
12147
16746
14100
20315
26342
23188
32330
19926
19036
447
18789
2804
5875
29279
19862
28785
13198
19355
29174
15186
21033
31827
7031
26640
15209
12386
29978
10744
30839
8992
2147
29138
20239
31531
14859
18369
17364
4968
32500
31850
5863
21828
23906
30040
28343
2112
3687
6303
9499
15020
21407
7104
27294
10162
21790
14797
13337
16023
7079
5326
9864
12094
31518
18018
29974
8174
320
25514
25978
28756
15506
30818
28294
11724
28567
15697
9469
7388
1094
3556
27302
31745
21435
24854
5022
25519
5677
18834
30194
26515
3872
16668
5997
23835
18908
17197
28079
27448
31261
31453
25727
18275
21772
2054
7779
17374
30318
8103
9069
4924
9756
2950
29271
25891
4531
19738
10195
16465
20108
26535
12316
15837
14319
5547
14033
2495
32131
28025
18691
19603
30217
14628
23949
25242
2634
1438
14243
1026
19534
11553
22446
16999
3791
24782
28247
32665
4333
30101
1506
16800
4644
30804
21950
2045
25210
19779
29786
1587
17149
24207
23354
26502
10860
7749
29001
3
16949
24434
3953
3776
12191
19081
13161
30053
32073
28932
21710
2283
14547
17486
4214
24484
6363
29665
7681
16508
16171
30379
17328
6014
27440
17335
15483
5018
12463
32265
17501
20901
1715
6090
16115
14497
17098
12453
11333
27455
21616
13168
24548
29346
21708
30479
11829
1638
16026
26261
1036
5601
25193
29869
7292
30376
27398
24121
18670
23637
1592
56
32625
32136
1453
17645
9041
2604
3125
27710
15339
22268
6958
13146
3519
25157
5183
8094
18887
5613
842
28858
18184
27316
17563
32271
31334
20666
23398
860
8380
322
3184
8346
20268
7605
4364
4388
23988
16362
30281
24091
24578
24484
31850
4105
8330
12636
2710
9156
20949
25153
2769
18070
27164
21886
16939
7578
23829
18107
31031
7273
10253
30182
2239
12022
25655
16435
7862
15031
21316
19041
20334
15110
6707
8256
18188
31942
7787
28016
12088
15689
14599
13163
7449
12401
13425
8389
7040
12822
18482
28083
9571
9896
1800
25035
9358
20246
29497
26378
18581
5102
11560
19995
18957
3013
28710
10198
28155
16601
20874
22536
23949
31221
30212
17778
9736
2709
12590
19220
29954
28235
17252
20139
25809
13153
10710
8312
27971
30912
13531
2115
19600
784
22665
9120
31884
11553
27522
31089
2081
14218
18448
26284
21757
15248
885
18526
13704
17737
12156
1776
22297
22785
23124
26281
24681
26588
16542
16757
21576
30653
26053
3557
3214
615
1678
22390
24917
20450
6640
3094
20581
20513
21541
17124
14576
14305
24577
24632
32640
25812
17027
15075
11821
19711
7338
9912
25875
32096
16265
2123
12035
27605
18078
22008
3705
8249
11360
10791
22222
30928
3351
19151
9647
3557
3056
19001
4302
30897
3665
9479
23511
383
16746
372
19110
30990
7693
29661
25527
16695
24255
27777
14046
18639
7183
12933
31800
32463
806
4155
8033
178
23200
5283
2791
2079
18842
3634
18431
23496
5388
8915
18039
18322
18266
10540
24812
24566
30245
10018
28989
5287
6759
6559
2367
22133
11967
27026
9139
21617
2057
12856
24949
5202
7218
15515
9974
27159
11082
21592
11755
4846
32475
22948
24391
30549
13178
13457
2407
22655
16539
3470
18061
27897
12970
28461
10128
12429
19287
13610
30418
27495
31793
27816
10097
13430
28534
2493
17602
29461
4905
5681
30203
9195
23142
15747
27183
25871
10483
23085
16512
3440
7447
26665
16528
21365
11183
180
30520
18144
17022
17234
2941
8696
25797
20498
24511
13799
30227
14099
21300
30305
10079
327
14229
26758
14932
13943
20247
30986
3820
1160
26269
32147
12096
27644
24620
25954
19871
5564
16799
23862
26845
13844
7068
27245
2797
8447
23750
16749
21938
29605
25908
23362
21011
30498
28195
3720
13646
8329
6631
12172
4238
21032
16424
31662
7871
16910
19018
21514
9377
10699
13357
2903
5915
9079
1303
19214
31699
22518
21742
21455
14331
25209
12715
7426
16750
3400
30987
6074
26107
19392
31367
6366
7424
5527
30087
11914
5947
1896
18387
25779
222
27755
24650
15626
10721
5507
18902
24099
2204
8575
25247
15831
19093
6809
4991
19175
26519
3395
7095
23009
27396
31780
17632
22856
26475
21853
4900
4335
18525
19728
17837
28838
30333
16675
15198
12824
471
2625
4033
20980
18035
24098
1089
9291
16169
9997
2458
2106
31414
29851
32141
32456
26384
27069
28888
10513
26359
19456
2405
29093
26061
6160
21698
25899
23975
16251
7889
32330
932
29624
8385
26825
3710
8808
7228
32756
19294
1755
14050
3138
29941
29910
10743
1078
200
16532
6744
21635
22219
26634
11444
29555
10034
24944
10744
17289
21124
13052
18443
2406
6129
14321
27324
30953
32229
14040
28921
7578
10461
11533
25153
8777
5242
29566
4187
15346
25299
8368
329
15332
13840
19459
13688
3362
18485
5686
7737
8458
13627
6957
22645
3892
11109
12530
32667
27805
30161
6139
11486
7685
5454
171
30366
10645
23405
2586
1059
19397
15323
7705
2449
21373
18413
20081
16408
2426
2173
5996
11884
9972
10741
11159
21877
8062
11945
11461
5447
16941
7018
30295
24148
30204
21079
23739
736
5487
4087
1587
15542
11639
16005
16600
15130
9110
5003
31198
19710
1859
11187
14873
31609
4752
6361
19392
10356
7690
5732
28018
1447
3041
22487
13942
30660
28233
9635
4167
14833
27935
15424
26960
21884
11984
8571
1268
16842
18551
25618
3281
16529
31045
31102
18246
19015
13606
11792
5938
7899
17057
23359
10495
20130
28672
22593
28896
20372
9138
22744
24150
29368
19437
11887
26873
19933
29080
8037
23157
28043
29287
18601
31187
25401
9800
15751
31738
960
29694
22977
23925
27152
6411
31202
2422
4642
10452
3535
29211
8238
1792
14751
32241
10269
24865
30892
28343
2369
27542
30442
9572
12868
26032
5240
26475
24926
10515
18293
2365
13515
18527
20501
8719
8061
272
29428
11486
5646
1187
11690
15025
2040
23803
6559
6687
30984
28674
28961
6160
20240
26259
27315
15816
10205
31384
24232
12321
19304
28783
27377
5143
3664
16275
2356
7306
14472
11896
19230
9536
17485
26038
12537
32554
2396
15978
20097
20968
10337
20441
12787
13966
19122
87
16744
28585
2621
7528
609
25213
5568
16164
32675
13713
25912
31456
16709
14446
4763
10506
2823
30883
10953
16981
21733
10252
2752
6166
12780
14420
7440
27630
6477
20409
2960
10922
17840
31503
14670
20071
7882
16648
6348
11258
24882
31410
12905
12175
30832
5441
28445
19599
16215
8463
31593
9416
6806
20961
22158
10952
8585
21612
25086
17289
18773
7448
1296
11092
17971
5123
14583
8671
5900
16969
4341
8633
28487
25731
4812
9959
29407
1677
29558
18640
30904
3213
3093
11094
18227
19760
6957
2886
32512
8503
9745
27122
10291
3123
3739
7196
5530
25228
12576
16406
4686
4296
7843
24360
3465
26634
18249
15922
14519
5081
10509
8594
19408
7459
22197
2120
25572
7810
27397
8792
12280
3517
15410
1648
24592
16018
25498
27339
2701
691
28081
25941
31673
2830
17983
30480
