32541
6693
30500
3087
26373
28849
3317
12673
10305
25990
7450
27748
4069
22264
31721
12743
10384
10170
14747
26635
14833
20558
15862
9205
24970
9408
18217
15361
10420
8852
20471
9721
15332
23293
8471
21191
10028
19792
4571
31880
15365
17847
15377
6881
1099
5162
10023
29078
26249
12187
11922
27992
24439
6513
10095
17119
29889
5432
2411
1081
17674
2199
7905
8290
22833
6018
67
276
6867
20656
24251
15072
5137
32336
25106
894
23699
28408
7632
25186
22476
19166
24997
20367
10368
18762
26887
13488
32132
23115
11805
1125
7110
6314
25564
23515
18829
6172
23408
25247
32513
25531
22749
23732
32749
16567
6886
8931
17092
2377
6702
30034
18658
13289
17309
23640
19477
23233
12805
2960
25948
22369
11013
31532
4334
18100
25390
11148
13182
2355
19813
18192
1214
4952
31112
5674
802
8790
18005
31159
21734
10503
27271
24463
14930
2342
6465
25946
30013
27838
17840
7590
18896
21474
18925
11063
31884
10911
29984
9886
29070
31535
17643
526
20754
4207
19974
24426
21815
7316
6182
3234
9474
14361
28964
6720
24740
19707
31579
16446
17152
16937
31570
1307
31848
31542
10395
23342
10919
82
1530
10297
4677
25208
1226
27457
32006
12265
30621
29853
25012
3288
6179
25678
14622
17511
9293
25230
9313
26066
22193
18091
18534
16874
15921
8214
684
23750
14551
21943
23368
10165
5636
20356
22570
6006
9162
24146
5537
27308
11158
21995
18466
13452
8722
3424
2885
32729
3657
14753
8720
7698
27661
22090
3192
30442
3477
4288
5669
27640
16491
27005
17014
9392
14726
32680
14789
22162
3250
15081
7148
23969
13113
18299
23559
14615
26044
6275
2428
16471
19810
25760
10809
9251
20533
20675
2621
4111
31944
15681
9306
53
22813
26918
2105
7979
6343
24525
24990
16434
32332
25773
1261
18864
27597
20854
9454
9185
26345
6749
5581
32713
5086
27827
16741
2669
27633
7101
12477
24642
13073
20416
20179
21734
28855
11099
18585
25358
28688
23321
11838
22720
2910
17223
14766
5058
18076
16387
24156
25170
32096
11158
1599
23575
10246
7940
8218
18264
31755
8417
25345
24172
27575
13925
27417
2417
18687
2755
5023
24641
4009
8375
12844
2210
6833
16990
5943
17597
18668
9035
30683
17874
21739
26839
9434
5929
25634
3256
13027
13644
4425
19926
30736
9587
30211
9050
691
8512
30654
26119
27986
10924
23514
9165
13296
7234
26381
20891
28302
2443
3078
20342
5362
969
27984
29384
12199
5863
13946
2810
6725
4785
4213
5188
15091
29761
13629
3268
21289
953
26299
8142
19899
31288
19691
7044
11795
17414
32570
25766
1213
13074
15666
23723
3370
13727
6744
28176
22701
25914
8533
13040
10954
495
12885
27093
27312
11708
8365
11470
19972
31814
21440
7873
8416
10955
28451
771
20252
5208
17919
29478
4812
13884
7607
10002
27657
22716
971
855
17909
12296
15101
25026
27897
2414
946
18479
14929
22734
17306
413
6347
14926
20627
19848
18123
15438
25291
6515
31123
1439
29221
30916
17857
11247
735
20180
28953
20104
9585
24391
4485
18747
11704
14489
7514
5014
25939
11514
20701
8286
15694
19804
3334
20793
17149
6858
4996
21162
23595
25083
17408
29762
3701
29991
16038
20757
22000
14361
4066
23660
20242
12934
18791
9913
14287
7325
11382
28368
3074
6623
18781
21331
16655
5681
14398
14446
25798
31023
20241
13765
9099
9156
30956
8363
31156
27639
4738
1685
5171
2824
28651
11214
9333
12732
28579
25196
11146
14069
16084
19842
133
5253
13016
25751
5670
9796
23545
19287
17334
24417
13692
20873
5427
27125
5855
12097
26285
25822
19038
20823
20208
13258
27836
18967
7523
5522
31295
14906
28464
29898
11517
17942
8101
9878
4182
27409
6107
3006
28098
18779
16789
18437
30413
13789
8554
951
20575
10348
23591
27522
25409
23107
11119
25222
5597
10416
1444
6831
21317
4109
32011
1859
887
21234
6698
23991
22752
8617
13685
6343
5918
21986
5162
12742
14090
5800
19578
1074
3062
30868
13545
3979
20019
28225
25335
2917
11991
7423
32000
445
22716
27084
25441
25481
716
21120
29916
19346
30588
26439
29246
25478
13719
30804
17726
8009
3645
19412
11945
17037
25643
28705
8124
25762
28733
32313
17105
26255
12080
24686
30527
3937
23725
29023
17531
17091
8067
1830
2179
1487
19253
16083
25980
17956
23220
7194
12953
5945
2157
20808
29760
23025
10118
17275
8040
623
8805
7955
11334
28715
17011
4196
15400
3141
9503
29869
22177
8730
549
5966
486
9750
10000
20277
14968
24265
19453
4250
3587
9276
9635
18156
23942
10629
22672
2827
2741
1177
12725
2487
5276
26722
18469
11849
26500
17681
27674
26016
25626
17078
1849
3423
25038
18957
21015
25430
12410
3995
763
2365
23876
21754
23014
28840
16069
21618
11728
17207
3179
2761
24373
6925
1307
21339
21456
8068
26907
2669
24487
23071
19248
10686
16199
22465
32003
4959
1873
27164
6857
32453
11573
7531
31267
15389
3390
13924
67
16863
4559
19560
9041
14502
24556
21502
6925
31039
11515
11647
1205
12543
8652
3091
32297
8282
28376
18651
31821
10162
30150
30320
24751
5741
11316
18573
4714
28746
7091
9224
7754
7413
8979
27399
8752
13785
23778
22896
1976
26165
20271
1441
21018
4466
18579
22882
846
13236
3699
5911
23668
12463
16511
16187
32114
1212
5502
27145
10207
3115
21838
27004
10528
21723
13350
18298
12240
11785
29471
29772
4198
27238
27123
14674
15633
2156
24068
17397
29927
13553
19104
23772
28223
23549
32387
8035
91
15321
12957
17737
4171
11880
32278
23208
17677
7354
19344
28203
18169
20703
13228
4475
3677
6649
24783
15866
1380
30357
24614
29108
316
14652
999
6291
22135
23364
15066
5586
3250
29164
281
435
30069
31145
19988
28533
10843
27578
9175
20352
13939
20994
9104
16868
28389
19735
19275
27905
16089
16535
16641
11399
27284
6587
20177
11426
3556
25646
29837
17774
22975
8479
12920
10929
21799
5269
29006
17353
9552
32002
11141
16355
8453
26908
15315
14958
13128
8168
29936
976
20793
20247
26269
25175
1849
29590
29669
24434
24910
12385
7843
29985
13001
1944
11332
12202
295
10708
1998
6030
5686
20411
1313
30651
32121
20946
27006
21507
28876
29331