12426
12433
12440
12447
12454
12461
12468
12475
12482
12489
12496
12503
12510
12517
12524
12531
12538
12545
12552
12559
12566
12573
12580
12582
12587
12594
12601
12608
12615
12617
12622
12629
12636
12643
12650
12657
12664
12664
12668
12671
12671
12677
12678
12685
12692
12699
12699
12706
12713
12720
12727
12727
12734
12741
12748
12750
12755
12762
12769
12769
12776
12783
12790
12797
12797
12804
12811
12813
12818
12825
12827
12832
12839
12846
12853
12855
12856
12856
12860
12863
12867
12874
12881
12888
12889
12895
12902
12909
12910
12916
12923
12929
12930
12937
12944
12951
12958
12961
12965
12972
12979
12986
12993
13000
13001
13006
13007
13014
13021
13028
13031
13035
13042
13049
13055
13056
13060
13062
13063
13063
13070
13077
13082
13084
13091
13098
13102
13105
13112
13117
13119
13122
13126
13133
13133
13140
13147
13154
13157
13161
13162
13163
13164
13168
13174
13175
13179
13182
13182
13189
13196
13199
13203
13205
13207
13210
13217
13223
13224
13231
13232
13234
13238
13240
13245
13249
13250
13252
13259
13264
13266
13273
13275
13276
13280
13281
13287
13294
13300
13301
13308
13311
13315
13320
13321
13321
13322
13323
13325
13326
13328
13329
13331
13336
13339
13343
13350
13356
13357
13364
13365
13371
13372
13373
13373
13375
13375
13377
13378
13380
13385
13392
13399
13402
13403
13406
13413
13420
13421
13427
13427
13428
13434
13441
13447
13448
13454
13455
13462
13462
13469
13471
13471
13476
13483
13489
13489
13490
13492
13492
13497
13504
13510
13511
13518
13518
13520
13522
13525
13527
13532
13535
13538
13539
13546
13549
13553
13560
13566
13567
13570
13572
13574
13574
13574
13578
13581
13588
13588
13590
13591
13592
13595
13602
13607
13609
13616
13618
13623
13628
13630
13635
13637
13641
13644
13647
13651
13654
13655
13658
13660
13661
13665
13672
13677
13678
13679
13686
13693
13694
13696
13697
13700
13707
13710
13713
13714
13717
13718
13718
13721
13721
13728
13733
13735
13736
13737
13742
13749
13753
13754
13756
13760
13763
13770
13777
13780
13784
13785
13791
13791
13796
13798
13799
13800
13801
13802
13805
13805
13812
13819
13821
13826
13830
13833
13835
13839
13840
13847
13850
13854
13859
13861
13861
13868
13875
13877
13881
13882
13889
13892
13896
13901
13903
13906
13910
13913
13917
13924
13927
13928
13931
13938
13939
13942
13945
13945
13948
13952
13953
13959
13963
13966
13966
13969
13971
13973
13980
13987
13991
13994
13997
14000
14001
14005
14008
14012
14015
14015
14022
14028
14029
14036
14038
14040
14043
14050
14057
14064
14068
14071
14078
14080
14085
14089
14091
14092
14095
14096
14099
14106
14113
14117
14120
14122
14127
14134
14141
14141
14146
14148
14154
14155
14158
14162
14169
14170
14176
14183
14190
14191
14197
14200
14204
14211
14218
14220
14224
14225
14226
14232
14239
14243
14246
14253
14253
14256
14260
14264
14267
14273
14274
14281
14288
14288
14289
14293
14293
14295
14302
14308
14309
14315
14316
14323
14324
14328
14330
14337
14338
14340
14342
14344
14344
14348
14351
14354
14358
14365
14370
14372
14379
14379
14386
14386
14390
14393
14397
14400
14402
14407
14414
14421
14425
14425
14428
14433
14435
14442
14449
14450
14456
14459
14463
14465
14470
14477
14477
14483
14484
14491
14498
14505
14509
14510
14510
14512
14516
14519
14526
14528
14531
14533
14535
14539
14540
14540
14547
14547
14549
14551
14552
14554
14555
14561
14562
14568
14569
14570
14575
14582
14589
14595
14596
14597
14603
14607
14608
14609
14609
14610
14612
14613
14615
14617
14617
14617
14624
14630
14631
14632
14634
14637
14638
14638
14640
14643
14645
14645
14646
14647
14652
14656
14659
14666
14666
14673
14680
14687
14694
14701
14702
14706
14708
14712
14715
14716
14722
14729
14730
14736
14743
14750
14757
14764
14766
14768
14771
14772
14778
14779
14785
14791
14792
14799
14804
14806
14810
14811
14813
14813
14820
14827
14834
14841
14843
14848
14855
14862
14869
14876
14883
14886
14888
14890
14897
14904
14909
14911
14918
14922
14924
14925
14932
14939
14943
14946
14953
14960
14967
14974
14981
14985
14988
14994
14995
15002
15009
15010
15016
15018
15023
15024
15030
15031
15037
15044
15051
15058
15065
15072
15073
15079
15086
15093
15093
15093
15100
15107
15114
15120
15121
15128
15135
15141
15142
15149
15156
15163
15170
15177
15184
15191
15193
15198
15203
15205
15208
15212
15219
15226
15233
15240
15247
15254
15261
15268
15275
15282
15289
15296
15303
15310
15317
15324
15331
15338
15345
15352
15359
15366
15373
15380
15387
15394
15401
15408
15415
15422
15429
15436
15443
15450
15457
15464
15471
15478
15485
15492
15499
15506
15513
15520
15527
15534
15541
15548
15555
15562
15569
15576
15583
15590
15597
15604
15611
15618
15625
15632
15639
15646
15653
15660
15667
15674
15681
15688
15695
15702
15709
15716
15723
15730
15737
15744
15751
15758
15765
15772
15779
15786
15793
15800
15807
15814
15821
15828
15835
15842
15849
15856
15863
15870
15877
15884
15891
15898
15905
15912
15919
15926
15933
15940
15947
15954
15961
15968
15975
15982
15989
15996
16003
16010
16017
16024
16031
16038
16045
16052
16059
16066
16073
16080
16087
16094
16101
16108
16115
16122
16129
16136
16143
16150
16157
16164
16171
16178
16185
16192
16199
16206
16213
16220
16227
16234
16241
16248
16255
16262
16269
16276
16283
16290
16297
16304
16311
16318
16325
16332
16339
16346
16353
16360
16367
16374
16381
16388
16395
16402
16409
16416
16423
16430
16437
16444
16451
16458
16465
16472
16479
16486
16493
16500
16507
16514
16521
16528
16535
16542
16549
16556
16563
16570
16577
16584
16591
16598
16605
16612
16619
16626
16633
16640
16647
16654
16661
16668
16675
16682
16689
16696
16703
16710
16717
16724
16731
16738
16745
16752
16759
16766
16773
16780
16787
16794
16801
16808
16815
16822
16829
16836
16843
16850
16857
16864
16871
16878
16885
16892
16899
16906
16913
16920
16927
16934
16941
16948
16955
16962
16969
16976
16983
16990
16997
17004
17011
17018
17025
17032
17039
17046
17053
17060
17067
17074
17081
17088
17095
17102
17109
17116
17123
17130
17137
17144
17151
17158
17165
17172
17179
17186
17193
17200
17207
17214
17221
17228
17235
17242
17249
17256
17263
17270
17277
17284
17291
17298
17305
17312
17319
