8
53
67
67
67
67
67
67
67
67
67
67
67
67
67
67
67
67
67
67
67
67
67
67
67
67
67
67
82
91
128
133
237
245
245
245
245
245
245
245
245
245
245
245
245
245
245
245
276
276
276
276
276
276
276
276
276
276
276
276
276
276
276
276
276
281
295
295
301
301
301
301
301
301
301
301
301
301
301
301
301
301
301
301
301
313
313
313
313
313
313
313
313
313
313
313
313
313
313
313
313
313
313
313
313
316
316
316
316
316
316
316
316
316
316
316
316
316
316
316
316
316
316
316
316
316
316
316
316
316
316
316
316
316
316
316
316
316
368
400
413
432
435
445
445
445
445
445
445
445
445
445
445
445
449
486
490
494
495
497
505
524
526
549
623
623
623
623
623
623
623
623
623
623
623
684
686
691
701
701
701
701
701
701
701
701
701
701
701
701
701
701
701
701
701
701
716
735
737
763
767
767
767
767
767
767
767
767
767
767
767
767
767
767
767
767
767
767
767
767
767
767
767
771
802
802
802
802
802
802
802
802
802
802
802
802
802
802
802
802
802
802
802
802
829
846
846
846
846
846
846
846
846
846
846
846
846
855
855
855
855
855
855
855
855
855
855
855
855
855
855
855
855
855
855
855
855
855
868
876
876
876
876
876
876
876
876
876
876
876
876
876
876
876
876
876
876
876
887
892
894
894
894
894
894
894
894
894
894
894
894
894
894
894
894
894
894
894
894
894
894
938
946
951
953
955
969
969
969
969
969
969
969
969
969
969
969
969
969
969
969
969
971
971
971
971
971
971
971
971
971
971
971
971
971
971
976
976
976
976
976
976
976
976
976
976
976
981
990
990
990
990
990
990
990
990
990
990
990
990
999
1053
1053
1074
1081
1099
1125
1153
1155
1155
1155
1155
1155
1155
1155
1155
1155
1155
1155
1155
1155
1155
1155
1155
1155
1155
1155
1177
1205
1209
1212
1212
1213
1214
1214
1214
1214
1214
1214
1214
1214
1214
1214
1214
1214
1214
1214
1214
1214
1214
1214
1214
1226
1226
1226
1226
1226
1226
1226
1226
1226
1226
1226
1249
1249
1249
1249
1249
1249
1249
1249
1249
1249
1249
1249
1249
1249
1249
1249
1249
1249
1249
1249
1249
1249
1249
1249
1261
1276
1307
1307
1307
1307
1307
1307
1307
1307
1307
1307
1307
1307
1307
1307
1307
1307
1307
1307
1313
1368
1380
1380
1380
1380
1380
1380
1380
1380
1380
1380
1380
1380
1380
1380
1411
1439
1441
1441
1441
1441
1441
1441
1441
1441
1441
1441
1441
1441
1441
1441
1444
1487
1518
1530
1591
1591
1591
1591
1591
1591
1591
1591
1591
1591
1591
1591
1591
1591
1591
1591
1591
1591
1591
1591
1599
1599
1599
1599
1599
1599
1599
1599
1599
1599
1599
1599
1599
1599
1599
1599
1599
1599
1599
1599
1599
1609
1609
1609
1609
1609
1609
1609
1609
1609
1609
1609
1609
1609
1609
1609
1609
1609
1609
1610
1619
1660
1671
1671
1671
1671
1671
1671
1671
1685
1702
1717
1792
1804
1830
1844
1844
1844
1844
1844
1844
1844
1844
1844
1844
1844
1844
1844
1844
1844
1844
1844
1844
1849
1849
1849
1849
1849
1849
1849
1849
1849
1849
1849
1849
1849
1849
1849
1849
1849
1849
1859
1866
1866
1866
1866
1866
1866
1866
1866
1866
1866
1866
1866
1866
1866
1873
1888
1937
1944
1976
1976
1976
1976
1976
1976
1976
1976
1976
1976
1976
1976
1976
1976
1976
1976
1976
1976
1976
1976
1998
2000
2006
2039
2052
2070
2104
2104
2104
2104
2104
2104
2104
2104
2104
2104
2104
2104
2104
2104
2104
2104
2104
2104
2104
2105
2127
2156
2157
2179
2199
2210
2228
2245
2248
2255
2342
2350
2350
2350
2350
2350
2350
2350
2350
2350
2350
2350
2350
2350
2350
2355
2355
2355
2355
2355
2355
2355
2355
2355
2355
2355
2355
2355
2355
2355
2355
2355
2355
2355
2355
2355
2355
2355
2365
2377
2386
2411
2414
2417
2428
2428
2428
2428
2428
2428
2428
2428
2428
2428
2428
2428
2428
2428
2428
2428
2428
2428
2441
2443
2443
2443
2443
2443
2443
2443
2443
2443
2443
2443
2443
2443
2443
2443
2443
2443
2443
2443
2443
2443
2443
2443
2443
2445
2445
2445
2445
2445
2445
2445
2445
2445
2445
2445
2445
2445
2445
2445
2445
2445
2445
2445
2445
2487
2535
2554
2554
2554
2554
2554
2554
2554
2554
2554
2554
2554
2554
2554
2554
2554
2554
2554
2554
2554
2554
2554
2590
2595
2621
2653
2669
2669
2669
2669
2669
2669
2669
2669
2669
2669
2669
2669
2669
2669
2669
2669
2669
2669
2669
2679
2689
2741
2746
2755
2756
2756
2756
2756
2756
2756
2756
2756
2756
2756
2756
2756
2756
2756
2756
2761
2761
2761
2761
2761
2761
2761
2761
2761
2761
2761
2761
2761
2761
2761
2793
2807
2810
2810
2810
2810
2810
2810
2810
2810
2810
2810
2810
2810
2810
2810
2810
2810
2810
2810
2810
2810
2815
2824
2827
2850
2860
2867
2878
2885
2910
2910
2910
2910
2910
2910
2910
2910
2910
2917
2917
2917
2917
2917
2917
2917
2917
2917
2917
2917
2917
2917
2917
2917
2917
2917
2917
2917
2917
2917
2917
2954
2954
2954
2954
2954
2954
2954
2954
2954
2954
2960
2997
2999
2999
2999
2999
2999
2999
2999
2999
2999
2999
2999
2999
2999
2999
2999
2999
2999
3004
3006
3036
3037
3062
3062
3062
3062
3062
3062
3062
3062
3062
3062
3062
3062
3062
3062
3062
3062
3074
3078
3078
3078
3078
3078
3078
3078
3078
3078
3078
3078
3078
3078
3078
3078
3078
3078
3078
3087
3087
3087
3087
3087
3087
3087
3087
3087
3087
3087
3087
3087
3087
3087
3091
3115
3141
3141
3141
3141
3141
3141
3141
3141
3141
3141
3141
3141
3141
3141
3141
3141
3154
3179
3179
3179
3179
3179
3179
3179
3179
3179
3179
3179
3179
3179
3179
3179
3179
3185
3190
3190
3190
3190
3190
3190
3190
3190
3190
3190
3190
3190
3190
3190
3190
3190
3192
3201
3234
3250
3250
3250
3250
3250
3250
3250
3250
3250
3250
3250
3250
3250
3250
3250
3250
3250
3250
3250
3256
3268
3288
3288
3288
3288
3288
3288
3288
3288
3288
3288
3288
3288
3288
3288
3288
3288
3288
3288
3317
3317
3317
3317
3317
3317
3317
3317
3317
3317
3317
3317
3317
3317
3317
3317
3317
3317
3317
3317
3317
3332
3334
3352
3365
3370
3390
3395
3423
3424
3436
3446
3477
3479
3479
3479
3479
3479
3479
3479
3493
3505
3517
3528
3556
3587
3601
3645
3657
3677
3677
3677
3677
3677
3677
3677
3677
3677
3677
3677
3677
3677
3699
3701
3701
3701
3701
3701
3701
3701
3701
3701
3701
3701
3701
3701
3701
3701
3701
3701
3723
3737
3776
3781
3781
3781
3781
3781
3781
3781
3781
3781
3781
3781
3781
3781
3841
3841
3841
3841
3841
3841
3841
3841
3841
3841
3841
3841
3841
3856
3867
3884
3911
3937
3938
3938
3938
3938
3938
3938
3938
3938
3938
3938
3938
3938
3938
3938
3938
3938
3938
3938
3938
3938
3938
3938
3972
3973
3973
3973
3973
3973
3973
3973
3973
3973
3973
3973
3973
3979
3979
3979
3979
3979
3979
3979
3979
3979
3979
3979
3979
3979
3979
3979
3979
3979
3979
3979
3979
3995
4009
4049
4057
4066
4066
4066
4066
4066
4066
4066
4066
4066
4066
4066
4066
4066
4066
4066
4066
4066
4069
4069
4069
4069
4069
4069
4069
4069
4069
4069
4069
4069
4069
4069
4069
4069
4069
4069
4069
4102
4102
4102
4102
4102
4102
4102
4102
4102
4102
4102
4102
4102
4102
4102
4102
4109
4111
4129
4171
4178
4182
4187
4196
4196
4196
4196
4196
4196
4196
4196
4196
4196
4196
4196
4196
4196
4196
4196
4196
4198
4202
4202
4202
4202
4202
4202
4202
4202
4202
4202
4202
4202
4202
4202
4202
4207
4213
4241
4250
4257
4288
4309
4334
4354
4425
4466
4466
4466
4466
4466
4466
4466
4466
4466
4466
4466
4466
4466
4466
4466
4466
4466
4466
4466
4466
4466
4466
4475
4475
4475
4475
4475
4475
4475
4475
4475
4475
4475
4475
4475
4475
4475
4475
4475
4475
4475
4485
4493
4504
4559
4571
4621
4674
4674
4674
4674
4674
4674
4674
4674
4674
4674
4674
4674
4674
4674
4674
4674
4674
4674
4676
4676
4676
4676
4676
4676
4676
4676
4676
4676
4676
4676
4676
4676
4677
4677
4677
4677
4677
4677
4677
4677
4677
4677
4677
4677
4677
4677
4677
4677
4677
4693
4697
4700
4714
4738
4781
4785
4797
4807
4807
4807
4807
4807
4807
4807
4807
4807
4807
4812
4812
4812
4812
4812
4812
4812
4812
4812
4812
4812
4812
4812
4812
4812
4812
4812
4812
4812
4812
4812
4837
4837
4837
4837
4837
4837
4837
4837
4837
4837
4837
4837
4837
4837
4837
4837
4837
4837
4837
4859
4929
4952
4952
4952
4952
4952
4952
4952
4952
4952
4952
4952
4952
4952
4952
4952
4952
4955
4959
4970
4976
4976
4976
4976
4976
4976
4976
4976
4976
4976
4976
4976
4976
4976
4976
4976
4976
4994
4994
4994
4994
4994
4994
4994
4994
4994
4994
4994
4994
4994
4994
4994
4994
4994
4994
4994
4994
4994
4994
4996
5014
5021
5023
5036
5036
5036
5036
5036
5036
5036
5036
5036
5036
5036
5036
5036
5058
5058
5058
5058
5058
5058
5058
5058
5058
5058
5058
5058
5058
5058
5058
5058
5086
5137
5137
5137
5137
5137
5137
5137
5137
5137
5137
5137
5137
5137
5137
5140
5146
5149
5162
5162
5171
5172
5188
5188
5208
5208
5208
5208
5208
5208
5208
5208
5208
5218
5234
5253
5269
5275
5276
5277
5337
5360
5360
5360
5360
5360
5360
5360
5360
5360
5360
5360
5360
5360
5360
5360
5360
5362
5362
5362
5362
5362
5362
5362
5362
5362
5362
5362
5362
5362
5362
5362
5362
5362
5362
5362
5388
5392
5427
5432
5454
5454
5454
5454
5454
5454
5454
5454
5454
5454
5454
5454
5454
5454
5454
5454
5454
5454
5454
5454
5454
5454
5454
5454
5454
5502
5522
5522
5522
5522
5522
5522
5522
5522
5522
5522
5522
5522
5522
5522
5522
5522
5522
5522
5537
5544
5550
5558
5558
5558
5558
5558
5558
5558
5558
5558
5558
5558
5558
5558
5567
5567
5567
5567
5567
5567
5567
5567
5567
5567
5567
5581
5583
5584
5586
5597
5636
5650
5665
5669
5670
5674
5674
5674
5674
5674
5674
5674
5674
5674
5674
5674
5674
5674
5674
5674
5674
5674
5676
5681
5686
5741
5755
5755
5755
5755
5755
5755
5755
5755
5755
5755
5755
5755
5755
5755
5755
5755
5755
5755
5755
5755
5755
5755
5781
5781
5781
5781
5781
5781
5781
5781
5781
5781
5781
5781
5800
5855
5855
5855
5855
5855
5855
5855
5855
5855
5855
5855
5855
5855
5855
5855
5863
5863
5863
5863
5863
5863
5863
5863
5863
5863
5863
5863
5863
5863
5863
5906
5911
5918
5929
5943
5945
5956
5966
5985
6006
6007
6018
6018
6018
6018
6018
6018
6018
6018
6018
6018
6018
6018
6018
6021
6021
6021
6021
6021
6021
6021
6021
6021
6021
6021
6021
6021
6021
6021
6021
6030
6057
6062
6062
6062
6062
6062
6062
6062
6062
6062
6062
6062
6062
6062
6062
6062
6062
6062
6069
6101
6101
6101
6101
6101
6101
6101
6101
6101
6101
6101
6101
6101
6101
6101
6101
6101
6101
6107
6125
6170
6172
6179
6179
6179
6179
6179
6179
6179
6179
6179
6179
6179
6179
6179
6179
6179
6179
6179
6179
6179
6179
6179
6179
6179
6182
6194
6204
6236
6244
6275
6275
6275
6275
6275
6275
6275
6275
6275
6275
6275
6275
6275
6275
6291
6310
6314
6343
6343
6347
6367
6370
6381
6416
6416
6416
6416
6416
6416
6416
6416
6416
6465
6513
6515
6587
6623
6647
6648
6649
6649
6649
6649
6649
6649
6649
6649
6649
6649
6649
6649
6649
6649
6693
6693
6693
6693
6693
6693
6693
6693
6693
6693
6693
6693
6693
6693
6693
6693
6698
6702
6720
6725
6744
6749
6767
6767
6767
6767
6767
6767
6767
6767
6767
6767
6767
6767
6767
6767
6767
6800
6800
6819
6831
6833
6840
6844
6844
6844
6844
6844
6844
6844
6844
6857
6858
6865
6867
6867
6867
6867
6867
6867
6867
6867
6867
6867
6867
6881
6886
6920
6923
6923
6923
6923
6923
6923
6923
6923
6923
6923
6923
6923
6923
6923
6925
6925
6925
6925
6925
6925
6925
6925
6925
6925
6925
6925
6925
6925
6925
6925
6925
6996
7044
7087
7091
7101
7101
7110
7117
7117
7117
7117
7117
7117
7117
7117
7117
7117
7117
7117
7117
7117
7117
7148
7148
7148
7148
7148
7148
7148
7148
7148
7148
7148
7148
7148
7148
7182
7182
7182
7182
7182
7182
7182
7182
7182
7182
7182
7188
7194
7229
7234
7234
7234
7234
7234
7234
7234
7234
7234
7234
7234
7234
7234
7234
7234
7234
7234
7251
7302
7316
7325
7325
7325
7325
7325
7325
7325
7325
7325
7325
7325
7325
7325
7325
7325
7325
7325
7325
7325
7325
7325
7354
7377
7385
7413
7423
7423
7423
7423
7423
7423
7423
7423
7423
7423
7423
7423
7423
7423
7423
7423
7423
7423
7430
7443
7450
7450
7450
7450
7450
7450
7450
7450
7450
7450
7450
7450
7450
7450
7450
7450
7450
7450
7450
7450
7450
7450
7450
7464
7486
7495
7514
7523
7523
7523
7523
7523
7523
7523
7523
7523
7523
7523
7523
7523
7523
7523
7531
7560
7590
7603
7603
7603
7603
7603
7603
7603
7603
7603
7603
7603
7603
7603
7603
7603
7603
7603
7603
7607
7607
7607
7607
7607
7607
7607
7607
7607
7607
7607
7607
7607
7607
7607
7607
7607
7611
7630
7632
7632
7632
7632
7632
7632
7632
7632
7632
7632
7632
7632
7632
7632
7632
7632
7632
7632
7632
7632
7632
7632
7632
7633
7664
7664
7664
7664
7664
7664
7664
7664
7664
7664
7664
7664
7664
7664
7664
7664
7664
7664
7664
7664
7674
7674
7674
7674
7674
7674
7674
7674
7674
7674
7674
7674
7698
7734
7734
7734
7734
7734
7734
7734
7734
7734
7734
7734
7734
7734
7754
7755
7755
7755
7755
7755
7755
7755
7755
7755
7755
7755
7755
7767
7828
7843
7873
7905
7940
7940
7940
7940
7940
7940
7940
7940
7955
7955
7955
7955
7955
7955
7955
7955
7955
7955
7955
7955
7955
7955
7955
7955
7955
7955
7955
7955
7955
7955
7979
7998
8009
8035
8040
8040
8040
8040
8040
8040
8040
8040
8040
8040
8040
8040
8040
8040
8040
8040
8040
8040
8040
8040
8040
8040
8067
8068
8068
8068
8068
8068
8068
8068
8068
8068
8068
8068
8068
8068
8068
8068
8068
8068
8068
8068
8080
8101
8122
8124
8142
8168
8168
8168
8168
8168
8168
8168
8168
8168
8168
8168
8168
8168
8168
8168
8168
8168
8168
8168
8168
8203
8203
8203
8203
8203
8203
8203
8203
8203
8203
8203
8203
8203
8203
8203
8203
8203
8203
8206
8206
8206
8206
8206
8206
8206
8206
8206
8206
8206
8206
8206
8206
8206
8206
8206
8206
8206
8206
8206
8211
8211
8211
8211
8211
8211
8211
8211
8211
8211
8211
8211
8211
8211
8214
8218
8228
8231
8231
8231
8231
8231
8231
8231
8231
8231
8231
8267
8282
8286
8290
8325
8325
8325
8325
8325
8325
8325
8325
8325
8325
8325
8325
8325
8325
8325
8325
8325
8325
8363
8365
8375
8382
8383
8416
8417
8436
8453
8453
8453
8453
8453
8453
8453
8453
8453
8453
8453
8453
8453
8453
8453
8453
8453
8471
8479
8494
8512
8515
8515
8515
8515
8515
8515
8515
8515
8515
8515
8515
8515
8515
8515
8515
8515
8515
8515
8515
8515
8515
8515
8515
8515
8515
8530
8530
8530
8530
8530
8530
8530
8530
8530
8530
8530
8530
8530
8530
8530
8530
8530
8530
8530
8530
8533
8554
8610
8617
8620
8623
8626
8636
8652
8694
8720
8722
8723
8730
8730
8730
8730
8730
8730
8730
8730
8730
8730
8730
8730
8730
8730
8730
8730
8740
8752
8752
8752
8752
8752
8752
8752
8752
8752
8752
8752
8752
8752
8752
8752
8752
8752
8752
8752
8752
8752
8752
8752
8752
8752
8752
8752
8752
8752
8752
8752
8752
8752
8752
8752
8752
8790
8790
8790
8790
8790
8790
8790
8790
8790
8790
8790
8790
8790
8790
8805
8805
8805
8805
8805
8805
8805
8805
8805
8805
8805
8805
8805
8805
8835
8835
8835
8835
8835
8835
8835
8835
8835
8835
8835
8835
8835
8835
8835
8835
8852
8876
8921
8931
8957
8957
8957
8957
8957
8957
8957
8957
8957
8957
8957
8957
8957
8957
8957
8957
8971
8979
8979
8979
8979
8979
8979
8979
8979
8979
8979
8979
8979
8979
8979
8979
8979
8979
9035
9041
9050
9085
9099
9104
9122
9156
9162
9165
9165
9175
9185
9187
9205
9207
9211
9224
9224
9251
9251
9268
9276
9293
9293
9293
9293
9293
9293
9293
9293
9293
9293
9293
9293
9293
9293
9293
9293
9293
9293
9293
9306
9312
9313
9320
9333
9392
9394
9394
9394
9394
9394
9394
9394
9394
9394
9394
9394
9394
9394
9394
9408
9434
9454
9454
9454
9454
9454
9454
9454
9454
9454
9454
9454
9454
9454
9474
9482
9503
9503
9503
9503
9503
9503
9503
9503
9503
9503
9503
9503
9503
9503
9503
9503
9503
9503
9503
9503
9539
9552
9566
9585
9587
9593
9593
9593
9593
9593
9593
9593
9593
9593
9593
9593
9593
9593
9593
9593
9628
9635
9646
9721
9722
9722
9722
9722
9722
9722
9722
9722
9722
9722
9722
9722
9722
9722
9722
9722
9750
9782
9782
9782
9782
9782
9782
9782
9782
9782
9782
9782
9782
9782
9782
9782
9782
9782
9782
9782
9796
9865
9878
9883
9886
9913
9913
9913
9913
9913
9913
9913
9913
9913
9913
9913
9913
9913
9913
9913
9913
9913
9913
9913
9913
9940
9969
9970
9980
9996
9997
9997
9997
9997
9997
9997
9997
9997
9997
9997
9997
9997
9997
9997
9997
10000
10002
10002
10002
10002
10002
10002
10002
10002
10002
10002
10002
10002
10002
10002
10002
10023
10028
10032
10032
10032
10032
10032
10032
10032
10032
10032
10032
10034
10038
10052
10052
10052
10052
10052
10052
10052
10052
10052
10052
10052
10052
10052
10073
10082
10095
10097
10111
10118
10118
10118
10118
10118
10118
10118
10118
10118
10118
10118
10118
10118
10118
10118
10118
10118
10118
10118
10118
10118
10162
10165
10170
10207
10230
10246
10246
10246
10246
10246
10246
10246
10246
10246
10246
10246
10246
10246
10246
10246
10246
10246
10246
10263
10297
10305
10305
10305
10305
10305
10305
10305
10305
10305
10305
10305
10305
10305
10305
10305
10305
10305
10305
10305
10305
10305
10330
10348
10368
10384
10395
10416
10420
10473
10503
10503
10503
10503
10503
10503
10503
10503
10503
10503
10503
10503
10503
10503
10503
10503
10503
10503
10528
10548
10629
10639
10639
10639
10639
10639
10639
10639
10639
10639
10639
10639
10639
10686
10686
10686
10686
10686
10686
10686
10686
10686
10686
10686
10699
10708
10809
10843
10890
10890
10890
10890
10890
10890
10890
10890
10890
10890
10890
10890
10890
10890
10890
10890
10890
10890
10890
10890
10891
10911
10919
10924
10929
10933
10951
10954
10954
10954
10954
10954
10954
10954
10954
10954
10954
10954
10954
10954
10954
10954
10955
10984
11011
11013
11027
11063
11077
11077
11077
11077
11077
11077
11077
11077
11077
11077
11077
11077
11077
11077
11077
11077
11077
11077
11097
11099
11119
11141
11141
11141
11141
11141
11141
11141
11141
11141
11141
11141
11141
11141
11141
11141
11141
11141
11141
11141
11141
11141
11141
11141
11141
11141
11141
11141
11141
11141
11141
11141
11146
11148
11153
11158
11158
11158
11158
11158
11158
11158
11158
11158
11158
11158
11158
11158
11158
11158
11158
11186
11186
11186
11186
11186
11186
11186
11186
11186
11186
11186
11186
11186
11186
11186
11186
11202
11202
11202
11202
11202
11202
11202
11202
11202
11202
11202
11202
11202
11202
11202
11214
11247
11247
11269
11298
11316
11332
11334
11334
11334
11334
11334
11334
11334
11334
11334
11334
11334
11334
11334
11334
11334
11334
11334
11334
11334
11334
11334
11334
11365
11382
11390
11392
11399
11426
11438
11464
11470
11470
11470
11470
11470
11470
11470
11470
11470
11470
11470
11470
11470
11470
11470
11470
11470
11470
11470
11470
11470
11508
11508
11508
11508
11508
11508
11508
11508
11508
11508
11508
11508
11508
11508
11508
11508
11508
11508
11514
11515
11517
11553
11563
11573
11581
11581
11581
11581
11581
11581
11581
11581
11581
11581
11581
11581
11581
11616
11616
11616
11616
11616
11616
11616
11616
11616
11616
11616
11616
11616
11616
11616
11616
11647
11670
11681
11697
11703
11703
11703
11703
11703
11703
11703
11703
11703
11703
11703
11703
11703
11703
11703
11703
11703
11703
11703
11703
11703
11703
11704
11708
11728
11728
11728
11728
11728
11728
11728
11728
11728
11728
11728
11728
11728
11728
11767
11785
11795
11800
11805
11815
11815
11815
11815
11815
11815
11815
11815
11815
11815
11815
11815
11815
11815
11815
11838
11838
11838
11838
11838
11838
11838
11838
11838
11838
11838
11838
11838
11838
11849
11856
11869
11880
11922
11945
11959
11980
11991
11991
11991
11991
11991
11991
11991
11991
11991
11991
11991
11991
11991
11991
11991
11991
11991
11991
11991
11991
11991
12021
12024
12024
12024
12024
12024
12024
12024
12024
12024
12024
12024
12024
12024
12024
12024
12024
12024
12024
12024
12080
12095
12097
12097
12097
12097
12097
12097
12097
12097
12097
12097
12097
12097
12097
12097
12097
12097
12097
12097
12097
12104
12104
12104
12104
12104
12104
12104
12104
12104
12104
12104
12104
12104
12104
12104
12104
12115
12128
12166
12179
12187
12188
12199
12199
12199
12199
12199
12199
12199
12199
12199
12199
12199
12199
12199
12199
12199
12199
12199
12199
12202
12240
12265
12265
12265
12265
12265
12265
12265
12265
12265
12265
12265
12265
12265
12265
12265
12265
12265
12265
12265
12265
12296
12296
12296
12296
12296
12296
12296
12296
12296
12296
12296
12296
12296
12296
12296
12296
12296
12296
12296
12296
12296
12301
12385
12387
12399
12410
12454
12459
12463
12477
12534
12538
12543
12551
12554
12573
12614
12673
12673
12673
12673
12673
12673
12673
12673
12673
12673
12673
12673
12673
12673
12690
12700
12725
12732
12733
12742
12743
12743
12743
12743
12743
12743
12743
12743
12743
12743
12743
12743
12743
12743
12743
12743
12759
12762
12779
12805
12836
12844
12854
12885
12920
12934
12934
12934
12934
12934
12934
12934
12934
12934
12934
12934
12934
12934
12934
12953
12957
13001
13016
13027
13040
13073
13074
13112
13112
13112
13112
13112
13112
13112
13112
13112
13112
13112
13112
13112
13112
13112
13112
13112
13113
13113
13113
13113
13113
13113
13113
13113
13113
13113
13113
13113
13113
13113
13113
13113
13113
13113
13113
13113
13128
13128
13128
13128
13128
13128
13128
13128
13128
13128
13128
13128
13128
13160
13168
13168
13168
13168
13168
13172
13182
13182
13182
13182
13182
13182
13182
13182
13182
13182
13182
13182
13182
13182
13207
13228
13228
13228
13228
13228
13228
13228
13228
13228
13228
13228
13228
13228
13228
13228
13228
13228
13228
13228
13236
13236
13236
13236
13236
13236
13236
13236
13236
13236
13236
13236
13236
13236
13236
13236
13236
13236
13236
13243
13249
13258
13258
13258
13258
13258
13258
13258
13258
13258
13258
13258
13258
13258
13258
13258
13258
13258
13286
13286
13286
13286
13286
13286
13286
13286
13286
13286
13286
13286
13286
13286
13289
13296
13296
13296
13296
13296
13296
13296
13296
13296
13296
13296
13296
13309
13309
13309
13309
13309
13309
13309
13309
13309
13309
13309
13309
13309
13309
13309
13309
13309
13309
13309
13309
13309
13325
13350
13368
13368
13368
13368
13368
13368
13368
13368
13368
13368
13368
13368
13368
13368
13368
13368
13368
13392
13452
13488
13545
13545
13545
13545
13545
13545
13545
13545
13545
13545
13545
13545
13545
13545
13545
13545
13545
13548
13548
13548
13548
13548
13548
13548
13548
13548
13548
13548
13548
13548
13548
13548
13548
13548
13548
13551
13553
13565
13586
13593
13629
13644
13685
13686
13692
13712
13719
13727
13741
13765
13772
13785
13785
13785
13785
13785
13785
13785
13785
13785
13785
13785
13785
13785
13785
13785
13785
13785
13785
13785
13785
13785
13785
13789
13791
13804
13809
13809
13809
13809
13809
13809
13809
13809
13809
13809
13809
13809
13809
13809
13809
13809
13809
13809
13809
13809
13809
13809
13809
13809
13877
13880
13884
13884
13884
13884
13884
13884
13884
13884
13884
13884
13884
13884
13913
13921
13921
13921
13921
13921
13921
13921
13921
13921
13921
13921
13921
13921
13921
13921
13921
13921
13921
13921
13921
13921
13924
13925
13939
13946
13946
13946
13946
13946
13946
13946
13946
13946
13946
13946
13946
13946
13946
13946
14009
14009
14009
14009
14009
14009
14009
14009
14009
14009
14009
14009
14009
14009
14009
14009
14009
14009
14009
14009
14009
14009
14009
14009
14009
14009
14009
14009
14009
14009
14009
14009
14009
14009
14009
14009
14009
14025
14039
14052
14069
14070
14070
14070
14070
14070
14070
14070
14070
14070
14070
14070
14070
14070
14070
14070
14070
14070
14082
14090
14096
14100
14100
14100
14100
14100
14100
14100
14100
14100
14179
14287
14287
14287
14287
14287
14287
14287
14287
14287
14287
14287
14287
14287
14287
14287
14287
14291
14291
14291
14291
14291
14291
14291
14291
14291
14291
14291
14291
14291
14291
14291
14291
14291
14291
14291
14291
14291
14337
14337
14337
14337
14337
14337
14337
14337
14337
14337
14337
14337
14337
14337
14337
14337
14337
14341
14341
14358
14358
14358
14358
14358
14358
14358
14358
14358
14358
14358
14358
14358
14358
14358
14358
14358
14358
14358
14358
14358
14358
14358
14361
14361
14361
14361
14361
14361
14361
14361
14361
14361
14361
14361
14361
14361
14398
14427
14446
14489
14502
14550
14551
14615
14615
14615
14615
14615
14615
14615
14615
14615
14615
14615
14615
14622
14622
14622
14622
14622
14622
14622
14622
14622
14622
14622
14622
14622
14622
14622
14622
14652
14652
14652
14652
14652
14652
14652
14652
14652
14652
14652
14652
14652
14652
14652
14674
14726
14747
14753
14755
14755
14755
14755
14755
14755
14755
14755
14755
14755
14755
14755
14755
14755
14755
14755
14755
14755
14755
14755
14755
14755
14766
14766
14766
14766
14766
14766
14766
14766
14766
14766
14766
14766
14766
14766
14766
14766
14766
14789
14789
14789
14789
14789
14789
14789
14789
14789
14789
14789
14789
14789
14789
14789
14833
14847
14906
14906
14906
14906
14906
14906
14906
14906
14906
14906
14906
14906
14906
14906
14906
14906
14906
14906
14906
14906
14926
14929
14930
14935
14952
14958
14958
14958
14958
14958
14958
14958
14958
14958
14958
14958
14958
14958
14958
14958
14958
14958
14958
14958
14958
14958
14968
15024
15066
15067
15067
15067
15067
15067
15067
15067
15067
15067
15067
15067
15067
15067
15067
15067
15067
15067
15072
15072
15072
15072
15072
15072
15072
15072
15072
15072
15072
15072
15072
15072
15072
15072
15081
15081
15081
15081
15081
15081
15081
15081
15081
15081
15081
15081
15081
15081
15081
15081
15081
15081
15081
15091
15101
15101
15101
15101
15101
15101
15101
15101
15101
15101
15101
15101
15101
15101
15101
15101
15101
15101
15111
15111
15111
15111
15111
15111
15111
15111
15111
15111
15111
15111
15111
15111
15111
15111
15111
15115
15220
15227
15315
15315
15315
15315
15315
15315
15315
15315
15315
15315
15315
15315
15321
15332
15361
15365
15377
15389
15400
15400
15400
15400
15400
15400
15400
15400
15400
15400
15400
15400
15400
15400
15400
15400
15400
15400
15400
15416
15429
15434
15436
15438
15444
15503
15536
15539
15563
15603
15603
15603
15603
15603
15603
15603
15603
15603
15603
15603
15603
15603
15603
15603
15603
15603
15603
15633
15658
15658
15658
15658
15658
15658
15658
15658
15658
15658
15658
15658
15658
15658
15658
15658
15658
15666
15681
15694
15704
15705
15719
15720
15862
15866
15866
15866
15866
15866
15866
15866
15866
15866
15866
15866
15866
15866
15866
15866
15899
15906
15921
15940
16034
16038
16038
16038
16038
16038
16038
16038
16038
16038
16038
16038
16038
16038
16038
16038
16038
16038
16038
16038
16038
16054
16069
16083
16084
16088
16089
16089
16112
16163
16187
16196
16199
16208
16228
16228
16228
16228
16228
16228
16228
16228
16228
16228
16228
16228
16228
16228
16228
16228
16228
16228
16243
16270
16308
16355
16355
16355
16355
16355
16355
16355
16355
16355
16355
16355
16355
16355
16387
16387
16387
16387
16387
16387
16387
16387
16387
16387
16387
16387
16387
16434
16445
16446
16455
16455
16455
16455
16455
16455
16455
16455
16455
16455
16455
16455
16455
16455
16455
16455
16455
16465
16471
16471
16471
16471
16471
16471
16471
16471
16471
16471
16471
16471
16491
16505
16507
16511
16511
16535
16567
16641
16651
16655
16678
16694
16741
16747
16747
16747
16747
16747
16747
16747
16747
16747
16747
16747
16747
16747
16747
16747
16747
16747
16753
16764
16767
16767
16767
16767
16767
16767
16767
16767
16767
16767
16767
16767
16767
16767
16767
16789
16809
16863
16867
16868
16874
16937
16951
16976
16990
16993
16999
16999
16999
16999
16999
16999
16999
16999
16999
17011
17011
17011
17011
17011
17011
17011
17011
17011
17011
17011
17011
17011
17011
17011
17011
17011
17011
17011
17011
17011
17011
17011
17011
17011
17011
17011
17014
17014
17037
17073
17078
17086
17086
17086
17086
17086
17086
17086
17086
17086
17086
17086
17086
17086
17086
17086
17086
17086
17086
17086
17091
17092
17105
17119
17149
17152
17207
17207
17207
17207
17207
17207
17207
17207
17207
17207
17207
17207
17207
17207
17207
17207
17207
17207
17207
17207
17209
17209
17209
17209
17209
17209
17209
17209
17209
17209
17209
17209
17209
17209
17209
17209
17209
17209
17209
17209
17209
17223
17223
17223
17223
17223
17223
17251
17275
17275
17275
17275
17275
17275
17275
17275
17275
17275
17275
17275
17275
17293
17306
17309
17334
17353
17361
17361
17361
17361
17361
17361
17361
17361
17361
17361
17361
17361
17361
17361
17361
17361
17361
17361
17361
17361
17361
17361
17361
17365
17366
17366
17366
17366
17366
17366
17366
17366
17366
17366
17366
17366
17366
17366
17366
17366
17369
17369
17369
17369
17369
17369
17369
17369
17369
17369
17370
17370
17370
17370
17370
17370
17370
17370
17370
17370
17370
17370
17370
17370
17370
17370
17370
17370
17370
17370
17379
17397
17408
17408
17408
17408
17408
17408
17408
17408
17408
17408
17408
17408
17408
17408
17408
17408
17408
17414
17433
17450
17485
17490
17490
17490
17490
17490
17490
17490
17490
17490
17490
17490
17490
17490
17509
17511
17511
17511
17511
17511
17511
17511
17511
17511
17511
17511
17511
17511
17511
17518
17526
17531
17597
17643
17656
17656
17656
17656
17656
17656
17656
17656
17656
17656
17656
17656
17656
17659
17666
17666
17666
17666
17666
17666
17666
17666
17666
17666
17666
17666
17666
17666
17666
17666
17666
17666
17666
17666
17666
17666
17666
17666
17674
17677
17681
17696
17719
17726
17735
17737
17747
17774
17806
17825
17838
17839
17840
17846
17847
17857
17862
17874
17909
17909
17909
17909
17909
17909
17909
17909
17909
17910
17919
17919
17919
17919
17919
17919
17919
17919
17919
17919
17919
17919
17919
17919
17919
17919
17919
17919
17919
17919
17919
17919
17919
17919
17919
17919
17919
17919
17919
17942
17956
18000
18005
18005
18005
18005
18005
18005
18005
18005
18005
18005
18005
18005
18005
18005
18005
18005
18005
18005
18005
18005
18005
18076
18076
18076
18076
18076
18076
18076
18076
18076
18076
18076
18076
18076
18076
18076
18091
18093
18100
18123
18151
18156
18167
18167
18167
18167
18167
18167
18167
18167
18167
18167
18167
18167
18167
18167
18167
18169
18169
18169
18169
18169
18169
18169
18169
18169
18169
18169
18169
18169
18169
18169
18169
18173
18192
18192
18192
18192
18192
18192
18192
18192
18192
18192
18192
18217
18264
18277
18277
18277
18277
18277
18277
18277
18277
18277
18277
18277
18277
18277
18277
18277
18279
18279
18279
18279
18279
18279
18279
18279
18279
18279
18279
18279
18279
18279
18279
18279
18298
18299
18299
18299
18299
18299
18299
18299
18299
18299
18299
18299
18299
18299
18299
18299
18299
18360
18437
18466
18469
18479
18488
18506
18524
18524
18524
18524
18524
18524
18524
18524
18524
18524
18524
18524
18524
18524
18524
18524
18524
18524
18524
18524
18524
18524
18524
18534
18534
18554
18554
18554
18554
18554
18554
18554
18554
18554
18554
18554
18554
18554
18554
18554
18554
18554
18557
18570
18571
18573
18579
18579
18579
18579
18579
18579
18579
18579
18579
18579
18579
18579
18579
18579
18579
18579
18579
18585
18609
18609
18609
18609
18609
18609
18609
18609
18609
18611
18614
18616
18616
18616
18616
18616
18616
18616
18616
18616
18616
18616
18616
18616
18616
18638
18638
18638
18638
18638
18638
18638
18638
18638
18638
18638
18638
18638
18638
18638
18638
18651
18658
18668
18687
18692
18692
18692
18692
18692
18692
18692
18692
18692
18692
18692
18692
18692
18692
18692
18692
18692
18698
18732
18732
18732
18732
18732
18732
18732
18732
18732
18732
18732
18732
18732
18732
18732
18732
18732
18732
18732
18732
18732
18733
18733
18733
18733
18733
18733
18733
18733
18733
18733
18733
18733
18733
18733
18733
18733
18733
18733
18733
18733
18738
18738
18738
18738
18738
18738
18738
18738
18738
18738
18738
18738
18738
18738
18738
18738
18738
18747
18762
18779
18781
18787
18791
18791
18791
18791
18791
18791
18791
18791
18791
18791
18791
18791
18791
18791
18791
18791
18791
18810
18810
18810
18810
18810
18810
18810
18810
18810
18810
18810
18810
18810
18810
18810
18829
18843
18847
18864
18888
18891
18891
18891
18891
18891
18891
18891
18891
18891
18891
18891
18891
18891
18891
18891
18891
18896
18907
18913
18925
18932
18932
18932
18932
18932
18932
18932
18932
18932
18932
18932
18932
18932
18932
18932
18932
18944
18957
18959
18967
18967
18967
18967
18967
18967
18967
18967
18967
18967
18967
18967
18967
18967
18967
18967
18967
18967
18967
18967
18967
18967
18974
19038
19038
19038
19038
19038
19038
19038
19038
19038
19038
19038
19038
19038
19038
19038
19038
19038
19067
19104
19109
19109
19109
19109
19109
19109
19109
19109
19109
19109
19109
19109
19109
19109
19109
19109
19109
19109
19117
19165
19166
19176
19205
19232
19248
19248
19248
19248
19248
19248
19248
19248
19248
19248
19248
19248
19248
19248
19248
19248
19248
19248
19248
19248
19248
19248
19249
19249
19249
19249
19249
19249
19249
19249
19249
19249
19249
19249
19249
19253
19275
19278
19287
19304
19344
19344
19344
19344
19344
19344
19344
19344
19344
19344
19344
19344
19344
19344
19344
19344
19344
19344
19344
19346
19406
19406
19406
19406
19406
19406
19406
19406
19406
19406
19406
19406
19406
19406
19406
19406
19406
19406
19406
19406
19412
19428
19433
19433
19433
19433
19433
19433
19433
19433
19433
19433
19433
19433
19433
19433
19433
19433
19433
19433
19453
19467
19477
19498
19498
19498
19498
19498
19498
19498
19498
19498
19498
19498
19498
19498
19498
19545
19545
19545
19545
19545
19545
19545
19545
19545
19545
19545
19545
19545
19545
19545
19545
19545
19560
19577
19578
19585
19592
19610
19645
19671
19690
19691
19707
19708
19708
19708
19708
19708
19708
19708
19708
19708
19708
19708
19708
19708
19708
19708
19708
19708
19708
19708
19708
19708
19714
19717
19717
19717
19717
19717
19717
19717
19717
19717
19717
19735
19792
19804
19810
19810
19810
19810
19810
19810
19810
19810
19810
19810
19810
19810
19810
19810
19810
19810
19813
19813
19813
19813
19813
19813
19813
19813
19813
19813
19813
19813
19813
19813
19813
19813
19813
19813
19842
19848
19850
19894
19899
19900
19903
19926
19943
19943
19943
19943
19943
19943
19943
19943
19943
19943
19943
19943
19943
19943
19943
19948
19957
19972
19974
19986
19988
20009
20019
20019
20019
20019
20019
20019
20019
20019
20019
20019
20019
20019
20019
20019
20045
20058
20104
20123
20138
20145
20145
20145
20145
20145
20145
20145
20145
20145
20145
20145
20145
20145
20145
20145
20145
20145
20145
20145
20145
20145
20145
20145
20145
20177
20179
20180
20182
20182
20182
20182
20182
20182
20182
20182
20182
20182
20182
20182
20208
20208
20208
20208
20208
20208
20208
20208
20208
20208
20208
20240
20241
20242
20242
20242
20242
20242
20242
20242
20242
20247
20247
20247
20247
20247
20247
20247
20247
20247
20247
20247
20247
20247
20247
20247
20247
20247
20247
20247
20247
20252
20252
20252
20252
20252
20252
20252
20252
20252
20252
20252
20252
20257
20257
20257
20257
20257
20257
20257
20257
20257
20257
20257
20257
20257
20271
20271
20271
20271
20271
20271
20271
20271
20271
20271
20271
20271
20271
20277
20314
20342
20342
20342
20342
20342
20342
20342
20342
20342
20342
20342
20342
20342
20342
20342
20342
20342
20342
20342
20352
20354
20356
20364
20364
20364
20364
20364
20364
20364
20365
20365
20365
20365
20365
20365
20365
20365
20365
20365
20365
20365
20365
20365
20365
20365
20365
20365
20367
20371
20411
20416
20430
20430
20430
20430
20430
20430
20430
20430
20430
20430
20430
20430
20430
20430
20430
20430
20430
20430
20448
20468
20471
20481
20505
20505
20505
20505
20505
20505
20505
20505
20505
20505
20505
20505
20505
20505
20505
20505
20505
20533
20558
20562
20562
20562
20562
20562
20562
20562
20562
20562
20562
20562
20562
20562
20562
20562
20562
20562
20562
20575
20615
20627
20630
20630
20630
20630
20630
20630
20630
20630
20630
20630
20630
20630
20630
20630
20630
20630
20630
20630
20630
20630
20630
20630
20630
20630
20656
20656
20656
20656
20656
20656
20656
20656
20656
20656
20656
20656
20656
20656
20656
20656
20656
20656
20667
20667
20667
20667
20667
20667
20667
20667
20667
20667
20667
20667
20667
20667
20667
20675
20692
20692
20692
20692
20692
20692
20692
20692
20692
20692
20692
20692
20692
20692
20695
20695
20695
20695
20695
20695
20695
20695
20695
20695
20695
20695
20695
20695
20695
20695
20695
20695
20701
20703
20703
20703
20703
20703
20703
20703
20703
20703
20703
20703
20703
20754
20757
20757
20757
20757
20757
20757
20757
20757
20757
20793
20793
20793
20793
20793
20793
20793
20793
20793
20793
20793
20793
20793
20793
20793
20793
20793
20793
20808
20810
20823
20823
20823
20823
20823
20823
20823
20823
20823
20823
20823
20823
20823
20845
20854
20854
20854
20854
20854
20854
20854
20854
20854
20854
20854
20854
20854
20854
20854
20854
20854
20854
20854
20854
20873
20891
20891
20891
20891
20891
20891
20891
20891
20891
20891
20891
20891
20891
20891
20891
20891
20891
20891
20891
20891
20891
20891
20912
20935
20946
20979
20979
20979
20979
20979
20979
20979
20979
20979
20979
20979
20979
20979
20994
21015
21018
21018
21018
21018
21018
21018
21018
21018
21018
21018
21018
21018
21018
21018
21018
21018
21018
21018
21018
21018
21049
21049
21070
21086
21086
21086
21086
21086
21086
21086
21086
21086
21086
21086
21086
21086
21086
21086
21086
21086
21086
21086
21086
21089
21089
21089
21089
21089
21089
21089
21089
21089
21089
21089
21089
21089
21089
21089
21094
21094
21094
21094
21094
21094
21094
21094
21094
21094
21094
21094
21094
21110
21114
21120
21162
21182
21191
21234
21245
21245
21245
21245
21245
21245
21245
21245
21245
21245
21245
21245
21245
21245
21245
21279
21289
21317
21331
21339
21339
21339
21339
21339
21339
21339
21339
21339
21339
21339
21339
21339
21341
21371
21371
21371
21371
21371
21371
21371
21371
21371
21371
21371
21371
21371
21371
21371
21371
21371
21371
21371
21371
21371
21371
21371
21371
21391
21440
21456
21456
21456
21456
21456
21456
21456
21456
21456
21464
21465
21465
21465
21465
21465
21465
21465
21465
21465
21465
21465
21465
21465
21465
21465
21465
21465
21465
21465
21465
21465
21474
21481
21499
21502
21507
21529
21548
21592
21618
21629
21723
21728
21728
21728
21728
21728
21728
21728
21728
21728
21728
21728
21728
21728
21734
21734
21734
21734
21734
21734
21734
21734
21734
21734
21734
21734
21734
21734
21734
21734
21734
21734
21734
21734
21734
21739
21744
21754
21759
21783
21799
21815
21838
21851
21855
21856
21901
21901
21901
21901
21901
21901
21901
21901
21901
21901
21901
21901
21901
21909
21912
21943
21947
21980
21986
21987
21987
21987
21987
21987
21987
21987
21987
21987
21987
21987
21987
21987
21987
21987
21988
21995
22000
22000
22000
22000
22000
22000
22000
22000
22000
22000
22000
22000
22000
22023
22063
22076
22086
22090
22135
22162
22162
22162
22162
22162
22162
22162
22162
22162
22162
22162
22162
22162
22162
22162
22177
22177
22177
22177
22177
22177
22177
22177
22177
22177
22177
22177
22177
22177
22177
22177
22177
22177
22181
22181
22193
22209
22225
22246
22264
22264
22264
22264
22264
22264
22264
22264
22264
22264
22264
22264
22264
22264
22264
22264
22264
22264
22264
22264
22264
22317
22332
22332
22332
22332
22332
22332
22332
22332
22332
22332
22332
22332
22332
22332
22332
22332
22332
22332
22332
22332
22332
22332
22369
22392
22411
22417
22465
22475
22476
22507
22507
22507
22507
22507
22507
22507
22507
22507
22507
22507
22507
22507
22507
22507
22507
22507
22507
22507
22507
22570
22598
22605
22605
22605
22605
22605
22605
22605
22605
22605
22605
22605
22605
22605
22605
22605
22605
22605
22605
22643
22648
22648
22648
22648
22648
22648
22648
22648
22648
22648
22648
22648
22648
22648
22672
22701
22716
22716
22716
22716
22716
22716
22716
22716
22716
22716
22716
22716
22716
22716
22716
22716
22716
22716
22716
22716
22716
22716
22716
22716
22716
22716
22716
22720
22720
22720
22720
22720
22720
22720
22720
22720
22720
22720
22720
22720
22720
22720
22720
22720
22734
22749
22752
22756
22777
22793
22813
22826
22833
22833
22833
22833
22833
22833
22833
22833
22833
22833
22833
22833
22833
22833
22833
22833
22833
22833
22850
22882
22882
22882
22882
22882
22882
22882
22882
22882
22882
22882
22882
22882
22882
22882
22882
22882
22882
22882
22882
22882
22882
22882
22896
22896
22896
22896
22896
22896
22896
22896
22896
22896
22896
22896
22896
22896
22896
22896
22905
22905
22905
22905
22905
22905
22905
22905
22905
22905
22905
22905
22905
22905
22905
22905
22905
22905
22905
22905
22905
22905
22905
22905
22927
22927
22927
22927
22927
22927
22927
22927
22927
22927
22927
22927
22927
22927
22927
22927
22927
22961
22975
22990
22990
22990
22990
22990
22990
22990
22990
22990
22990
22990
22990
22990
22990
22990
22990
22990
22990
22990
22990
22990
22990
22990
22990
23014
23025
23028
23071
23071
23071
23071
23071
23071
23071
23071
23071
23071
23071
23076
23107
23115
23119
23142
23152
23208
23220
23233
23251
23254
23254
23254
23254
23254
23254
23254
23254
23254
23254
23254
23254
23254
23254
23254
23293
23321
23329
23329
23329
23329
23329
23329
23329
23329
23329
23329
23329
23329
23329
23329
23342
23364
23368
23403
23408
23448
23448
23448
23448
23448
23448
23448
23448
23448
23448
23448
23448
23448
23448
23448
23448
23448
23448
23448
23448
23480
23514
23515
23527
23545
23549
23552
23555
23555
23555
23555
23555
23555
23555
23555
23555
23555
23555
23555
23555
23555
23555
23555
23555
23559
23559
23559
23559
23559
23559
23559
23559
23559
23559
23559
23559
23559
23559
23559
23559
23559
23559
23559
23568
23568
23568
23568
23568
23568
23568
23568
23568
23568
23568
23568
23568
23568
23568
23568
23568
23568
23568
23568
23568
23568
23568
23568
23568
23568
23568
23571
23571
23571
23571
23571
23571
23571
23571
23571
23571
23571
23571
23571
23571
23571
23571
23571
23571
23571
23571
23571
23571
23571
23571
23571
23571
23571
23571
23573
23575
23575
23575
23575
23575
23575
23575
23575
23575
23575
23575
23575
23575
23575
23591
23595
23602
23610
23610
23610
23610
23610
23610
23610
23610
23610
23610
23610
23610
23610
23610
23610
23610
23610
23610
23610
23610
23610
23610
23610
23610
23640
23660
23660
23660
23660
23660
23660
23660
23660
23660
23660
23660
23660
23660
23660
23660
23660
23660
23668
23694
23699
23699
23699
23699
23699
23699
23699
23699
23699
23699
23699
23699
23699
23699
23699
23699
23699
23699
23699
23699
23699
23699
23699
23715
23715
23715
23715
23715
23715
23715
23715
23715
23715
23715
23715
23715
23715
23715
23715
23723
23724
23725
23732
23749
23749
23749
23749
23749
23749
23749
23749
23749
23749
23749
23749
23750
23771
23771
23771
23771
23771
23771
23771
23771
23771
23771
23771
23771
23771
23771
23771
23771
23771
23771
23771
23771
23771
23771
23772
23778
23778
23778
23778
23778
23778
23778
23778
23778
23778
23778
23778
23778
23778
23778
23778
23778
23778
23778
23778
23792
23792
23792
23792
23792
23792
23792
23792
23792
23792
23792
23792
23792
23792
23792
23792
23792
23802
23802
23802
23802
23802
23802
23802
23802
23802
23802
23802
23802
23802
23802
23802
23802
23802
23802
23821
23830
23863
23876
23877
23879
23879
23879
23879
23879
23879
23879
23879
23879
23879
23879
23879
23879
23879
23879
23879
23879
23879
23914
23921
23942
23969
23969
23969
23969
23969
23969
23969
23969
23969
23969
23969
23969
23969
23969
23969
23969
23969
23969
23969
23969
23991
24051
24051
24051
24051
24051
24051
24051
24051
24051
24051
24056
24062
24068
24110
24127
24146
24156
24156
24156
24156
24156
24156
24156
24156
24156
24156
24156
24156
24156
24156
24156
24156
24172
24188
24198
24251
24251
24251
24251
24251
24251
24251
24251
24251
24251
24251
24251
24251
24251
24251
24251
24251
24251
24251
24251
24251
24251
24251
24265
24329
24360
24373
24373
24373
24373
24373
24373
24373
24373
24373
24373
24373
24373
24373
24391
24417
24419
24426
24434
24439
24463
24463
24463
24463
24463
24463
24463
24463
24463
24463
24463
24463
24463
24487
24487
24487
24487
24487
24487
24487
24487
24487
24487
24487
24487
24487
24487
24487
24498
24509
24525
24526
24556
24614
24614
24614
24614
24614
24614
24614
24614
24614
24614
24614
24620
24620
24620
24620
24620
24620
24620
24620
24620
24620
24620
24620
24635
24641
24642
24644
24667
24686
24702
24702
24702
24702
24702
24702
24702
24702
24702
24702
24702
24702
24702
24706
24721
24721
24721
24721
24721
24721
24721
24721
24721
24721
24721
24721
24721
24721
24721
24721
24721
24721
24721
24732
24740
24751
24783
24783
24783
24783
24783
24783
24783
24783
24835
24835
24835
24835
24835
24835
24835
24835
24835
24835
24835
24835
24835
24835
24835
24835
24835
24835
24835
24835
24835
24835
24835
24859
24903
24910
24943
24946
24970
24990
24997
25004
25012
25012
25012
25012
25012
25012
25012
25012
25012
25012
25012
25012
25012
25012
25012
25013
25018
25026
25026
25026
25026
25026
25026
25026
25026
25026
25026
25026
25026
25026
25026
25026
25026
25026
25026
25026
25026
25026
25026
25026
25026
25028
25029
25029
25029
25029
25029
25029
25029
25029
25029
25029
25029
25029
25029
25029
25029
25029
25029
25038
25046
25083
25106
25106
25106
25106
25106
25106
25106
25106
25106
25106
25106
25106
25106
25106
25106
25106
25106
25114
25134
25151
25160
25160
25160
25160
25160
25160
25160
25160
25160
25160
25160
25160
25160
25160
25160
25160
25160
25160
25160
25161
25170
25170
25170
25170
25170
25170
25170
25170
25170
25170
25170
25170
25170
25170
25170
25175
25175
25175
25175
25175
25175
25175
25175
25175
25175
25175
25175
25175
25175
25175
25175
25186
25186
25186
25186
25186
25186
25186
25186
25186
25186
25186
25186
25186
25186
25186
25194
25194
25194
25194
25194
25194
25194
25194
25194
25194
25194
25194
25194
25194
25194
25194
25194
25194
25194
25196
25208
25208
25208
25208
25208
25208
25208
25208
25208
25208
25208
25208
25208
25208
25208
25208
25208
25208
25208
25208
25208
25222
25230
25230
25230
25230
25230
25230
25230
25230
25230
25230
25230
25230
25230
25230
25230
25230
25230
25230
25230
25247
25275
25291
25306
25308
25308
25308
25308
25308
25308
25308
25308
25308
25308
25308
25308
25316
25325
25335
25335
25335
25335
25335
25335
25335
25335
25335
25335
25335
25335
25335
25335
25335
25335
25345
25358
25364
25364
25364
25364
25364
25364
25364
25364
25364
25364
25364
25364
25364
25364
25364
25364
25364
25379
25379
25388
25390
25394
25409
25430
25441
25441
25441
25441
25441
25441
25441
25441
25441
25441
25441
25441
25441
25441
25441
25469
25469
25469
25469
25469
25469
25469
25469
25469
25469
25469
25469
25469
25469
25469
25469
25469
25469
25469
25469
25469
25469
25469
25478
25481
25481
25481
25481
25481
25481
25481
25481
25481
25481
25481
25481
25481
25481
25481
25481
25481
25481
25524
25531
25564
25606
25622
25622
25622
25622
25622
25622
25622
25622
25622
25622
25622
25622
25622
25622
25622
25622
25622
25622
25623
25626
25634
25636
25643
25646
25671
25678
25678
25678
25678
25678
25678
25678
25678
25678
25678
25678
25678
25678
25678
25678
25678
25678
25684
25751
25760
25760
25760
25760
25760
25760
25760
25760
25760
25760
25760
25760
25760
25760
25762
25766
25771
25771
25771
25771
25771
25771
25771
25771
25771
25773
25798
25822
25822
25822
25822
25822
25822
25822
25822
25822
25822
25822
25822
25822
25822
25822
25839
25839
25839
25839
25839
25839
25839
25839
25839
25839
25839
25839
25839
25847
25851
25863
25889
25889
25889
25889
25889
25889
25889
25889
25889
25889
25889
25889
25889
25889
25889
25889
25889
25889
25892
25892
25892
25892
25892
25892
25892
25892
25892
25892
25892
25892
25892
25904
25914
25936
25939
25941
25946
25948
25970
25971
25980
25990
25990
25990
25990
25990
25990
25990
25990
25990
25990
25990
25990
25995
26007
26007
26007
26007
26007
26007
26007
26007
26007
26007
26007
26007
26007
26007
26007
26007
26007
26016
26044
26044
26044
26044
26044
26044
26044
26044
26044
26044
26044
26044
26044
26044
26044
26044
26044
26044
26044
26052
26061
26066
26071
26119
26165
26165
26165
26165
26165
26165
26165
26165
26165
26165
26165
26165
26165
26165
26165
26165
26165
26165
26165
26165
26169
26169
26169
26169
26169
26169
26169
26169
26169
26169
26169
26169
26169
26169
26180
26195
26223
26249
26255
26269
26269
26269
26269
26269
26269
26269
26269
26269
26269
26269
26269
26269
26269
26269
26269
26269
26269
26269
26284
26285
26285
26285
26285
26285
26285
26285
26285
26285
26285
26285
26285
26285
26285
26285
26285
26285
26290
26292
26293
26299
26303
26324
26345
26373
26373
26373
26373
26373
26373
26373
26373
26373
26373
26373
26373
26373
26373
26373
26373
26373
26379
26381
26381
26381
26381
26381
26381
26381
26381
26381
26381
26381
26381
26381
26381
26381
26381
26381
26381
26381
26381
26381
26399
26407
26407
26407
26407
26407
26407
26407
26407
26407
26407
26407
26407
26407
26407
26407
26407
26407
26407
26407
26407
26407
26407
26407
26407
26407
26407
26407
26407
26407
26422
26425
26437
26437
26437
26437
26437
26437
26437
26437
26437
26437
26437
26437
26437
26437
26437
26437
26437
26439
26494
26500
26501
26501
26501
26501
26501
26501
26501
26501
26501
26501
26501
26501
26501
26501
26501
26501
26501
26501
26501
26514
26528
26536
26567
26569
26589
26616
26616
26616
26616
26616
26616
26616
26616
26616
26616
26616
26616
26616
26616
26616
26616
26616
26616
26616
26616
26616
26616
26616
26635
26635
26639
26663
26667
26722
26798
26826
26839
26887
26907
26907
26907
26907
26907
26907
26907
26907
26907
26907
26907
26907
26907
26907
26908
26908
26908
26908
26908
26908
26908
26908
26908
26908
26908
26908
26908
26908
26908
26908
26908
26908
26908
26908
26908
26908
26908
26908
26916
26918
26945
26945
26945
26945
26945
26945
26945
26945
26945
26945
26945
26945
26957
27001
27001
27004
27005
27006
27048
27066
27084
27084
27084
27084
27084
27084
27084
27084
27084
27084
27084
27084
27084
27093
27105
27105
27105
27105
27105
27105
27105
27105
27105
27105
27105
27105
27105
27105
27105
27105
27123
27125
27145
27164
27180
27181
27202
27238
27271
27271
27271
27271
27271
27271
27271
27271
27271
27271
27271
27271
27284
27300
27305
27305
27305
27305
27305
27305
27305
27305
27305
27305
27305
27305
27305
27305
27305
27305
27305
27308
27312
27399
27399
27399
27399
27399
27399
27399
27399
27399
27399
27399
27399
27399
27399
27399
27399
27399
27399
27399
27409
27416
27416
27416
27416
27416
27416
27416
27416
27416
27416
27416
27416
27416
27416
27416
27416
27416
27416
27417
27457
27457
27457
27457
27457
27457
27457
27457
27457
27457
27457
27457
27457
27457
27508
27522
27523
27575
27578
27597
27633
27639
27640
27657
27657
27657
27657
27657
27657
27657
27657
27657
27657
27657
27657
27657
27657
27657
27657
27657
27657
27657
27657
27657
27661
27673
27674
27677
27680
27748
27748
27748
27748
27748
27748
27748
27748
27748
27748
27748
27748
27748
27748
27827
27836
27836
27836
27836
27836
27836
27836
27836
27836
27836
27836
27836
27836
27836
27838
27842
27857
27897
27905
27923
27923
27923
27923
27923
27923
27923
27923
27923
27923
27923
27923
27923
27923
27923
27923
27923
27923
27923
27923
27984
27984
27984
27984
27984
27984
27984
27984
27984
27984
27984
27984
27984
27984
27984
27986
27986
27992
28034
28098
28162
28176
28198
28203
28203
28203
28203
28203
28203
28203
28203
28203
28203
28203
28203
28223
28225
28225
28225
28225
28225
28225
28225
28225
28225
28225
28225
28225
28225
28225
28225
28225
28225
28229
28302
28302
28302
28302
28302
28302
28302
28302
28314
28321
28361
28368
28376
28386
28386
28386
28386
28386
28386
28386
28386
28386
28386
28386
28386
28386
28386
28386
28386
28389
28408
28408
28408
28408
28408
28408
28408
28408
28408
28408
28408
28408
28408
28408
28408
28408
28408
28408
28429
28429
28429
28429
28429
28429
28429
28429
28429
28429
28429
28429
28429
28429
28429
28429
28429
28429
28429
28429
28429
28437
28437
28437
28437
28437
28437
28437
28437
28437
28437
28451
28464
28464
28464
28464
28464
28464
28464
28464
28464
28464
28464
28464
28464
28470
28470
28470
28470
28470
28470
28470
28470
28470
28470
28470
28470
28472
28489
28491
28491
28491
28491
28491
28491
28491
28491
28491
28491
28491
28491
28491
28491
28491
28491
28491
28491
28491
28491
28491
28491
28491
28491
28501
28533
28547
28547
28547
28547
28547
28547
28547
28547
28547
28547
28547
28547
28547
28547
28547
28547
28547
28547
28547
28547
28560
28579
28587
28630
28645
28647
28651
28665
28665
28665
28665
28665
28665
28665
28665
28665
28665
28665
28688
28692
28705
28715
28715
28715
28715
28715
28715
28715
28727
28727
28727
28727
28727
28727
28727
28727
28727
28727
28727
28727
28727
28727
28727
28730
28733
28741
28746
28755
28767
28785
28831
28840
28849
28849
28849
28849
28849
28849
28849
28849
28849
28849
28849
28849
28849
28855
28876
28935
28953
28964
29006
29011
29021
29023
29050
29053
29064
29064
29064
29064
29064
29064
29064
29064
29064
29064
29064
29064
29064
29064
29064
29064
29064
29070
29078
29098
29098
29098
29098
29098
29098
29098
29098
29098
29098
29098
29098
29098
29098
29098
29098
29098
29098
29108
29108
29108
29108
29108
29108
29108
29108
29108
29108
29108
29108
29108
29164
29215
29221
29244
29244
29244
29244
29244
29244
29244
29244
29244
29244
29244
29244
29244
29244
29244
29244
29244
29244
29244
29244
29244
29246
29263
29322
29322
29322
29322
29322
29322
29322
29322
29322
29322
29322
29322
29322
29322
29322
29331
29332
29356
29381
29384
29384
29384
29384
29384
29384
29384
29384
29384
29384
29384
29384
29384
29384
29384
29384
29384
29384
29384
29384
29384
29384
29384
29384
29447
29471
29476
29476
29476
29476
29476
29476
29476
29476
29476
29476
29476
29476
29476
29476
29476
29476
29476
29476
29476
29476
29478
29478
29478
29478
29478
29478
29478
29478
29478
29478
29478
29478
29478
29478
29478
29478
29488
29504
29518
29518
29518
29518
29518
29518
29518
29518
29518
29518
29518
29518
29518
29518
29518
29518
29518
29518
29518
29518
29518
29542
29590
29590
29590
29590
29590
29590
29590
29590
29590
29590
29590
29590
29590
29658
29658
29658
29658
29658
29658
29658
29658
29658
29658
29658
29658
29658
29658
29658
29658
29658
29658
29658
29658
29658
29658
29669
29685
29760
29761
29762
29762
29762
29762
29762
29762
29762
29762
29762
29762
29762
29762
29762
29762
29762
29762
29762
29762
29762
29762
29762
29762
29772
29787
29792
29792
29792
29792
29792
29792
29792
29792
29792
29792
29792
29792
29792
29801
29804
29823
29837
29853
29853
29853
29853
29853
29853
29853
29853
29853
29853
29853
29853
29853
29853
29853
29853
29853
29853
29853
29853
29853
29853
29869
29869
29869
29869
29869
29869
29869
29869
29869
29869
29869
29869
29869
29869
29869
29889
29897
29897
29897
29897
29897
29897
29897
29897
29897
29897
29897
29897
29897
29897
29897
29897
29897
29897
29898
29898
29898
29898
29898
29898
29898
29898
29898
29898
29898
29898
29898
29898
29898
29898
29898
29898
29898
29898
29898
29916
29927
29936
29936
29936
29936
29936
29936
29936
29936
29936
29936
29936
29936
29936
29936
29984
29985
29991
29991
29991
29991
29991
29991
29991
29991
29991
29991
29991
30013
30034
30069
30077
30117
30150
30161
30188
30211
30222
30250
30250
30250
30250
30250
30250
30250
30250
30250
30250
30250
30250
30250
30250
30250
30250
30250
30250
30250
30250
30250
30250
30250
30271
30271
30271
30271
30271
30271
30271
30271
30271
30271
30271
30271
30271
30271
30271
30271
30271
30271
30271
30271
30271
30320
30357
30357
30357
30357
30357
30357
30357
30357
30357
30357
30357
30357
30357
30393
30413
30442
30490
30500
30500
30500
30500
30500
30500
30500
30500
30500
30500
30500
30500
30500
30500
30508
30508
30508
30508
30508
30508
30508
30508
30508
30527
30532
30588
30596
30621
30621
30621
30621
30621
30621
30621
30621
30621
30621
30621
30621
30621
30621
30621
30621
30621
30637
30637
30637
30637
30637
30637
30637
30637
30637
30637
30637
30637
30637
30637
30637
30637
30638
30638
30638
30638
30638
30638
30638
30638
30638
30638
30638
30645
30645
30645
30645
30645
30645
30645
30645
30645
30645
30645
30645
30645
30645
30645
30645
30651
30654
30656
30670
30683
30733
30736
30794
30794
30794
30794
30794
30794
30794
30794
30794
30794
30794
30795
30804
30852
30868
30868
30868
30868
30868
30868
30868
30868
30868
30868
30868
30868
30868
30868
30868
30868
30868
30901
30901
30901
30901
30901
30901
30901
30901
30901
30901
30901
30901
30901
30901
30901
30901
30901
30901
30901
30903
30916
30948
30956
30964
30970
30970
31023
31032
31032
31032
31032
31032
31032
31032
31032
31032
31032
31032
31032
31032
31032
31032
31032
31039
31041
31041
31041
31041
31041
31041
31041
31041
31041
31041
31041
31041
31041
31041
31041
31041
31041
31041
31041
31041
31041
31088
31088
31088
31088
31088
31088
31088
31088
31088
31088
31088
31106
31106
31106
31106
31106
31106
31106
31106
31106
31106
31106
31106
31106
31106
31106
31106
31106
31106
31106
31106
31106
31112
31112
31112
31112
31112
31112
31112
31112
31112
31112
31112
31112
31112
31112
31123
31130
31145
31156
31159
31159
31159
31159
31159
31159
31159
31159
31159
31159
31159
31159
31159
31159
31159
31159
31159
31159
31159
31159
31159
31159
31159
31159
31159
31159
31159
31159
31186
31186
31186
31186
31186
31186
31186
31186
31186
31186
31186
31186
31186
31186
31186
31186
31186
31186
31186
31186
31186
31186
31186
31186
31193
31254
31267
31288
31290
31295
31295
31295
31295
31295
31295
31295
31295
31295
31295
31295
31295
31295
31295
31295
31295
31295
31295
31295
31322
31329
31337
31452
31467
31532
31535
31538
31542
31570
31579
31600
31600
31600
31600
31600
31600
31600
31600
31600
31600
31600
31600
31600
31600
31600
31600
31600
31600
31600
31600
31632
31721
31721
31721
31721
31721
31721
31721
31721
31721
31721
31721
31721
31721
31755
31757
31757
31757
31757
31757
31757
31757
31757
31757
31775
31778
31814
31821
31821
31821
31835
31848
31880
31882
31884
31905
31905
31905
31905
31905
31905
31905
31905
31905
31905
31905
31905
31905
31905
31917
31943
31944
31945
31989
32000
32000
32000
32000
32000
32000
32000
32000
32000
32000
32000
32000
32000
32000
32000
32001
32002
32003
32006
32006
32006
32006
32006
32006
32006
32006
32006
32006
32006
32006
32006
32006
32006
32006
32006
32006
32011
32024
32026
32032
32041
32078
32083
32085
32085
32085
32085
32085
32085
32085
32085
32085
32085
32085
32085
32085
32085
32085
32085
32085
32085
32085
32085
32085
32085
32085
32085
32085
32085
32085
32096
32096
32096
32096
32096
32096
32096
32096
32096
32096
32096
32096
32096
32096
32096
32114
32121
32125
32130
32132
32133
32143
32212
32278
32281
32287
32297
32307
32313
32332
32336
32336
32336
32336
32336
32336
32336
32336
32336
32336
32336
32336
32336
32337
32337
32337
32337
32337
32337
32337
32337
32337
32337
32337
32337
32337
32337
32337
32337
32337
32337
32337
32337
32337
32337
32337
32337
32337
32385
32387
32416
32416
32416
32416
32416
32416
32416
32416
32416
32416
32428
32453
32478
32478
32478
32478
32478
32478
32478
32478
32478
32478
32478
32478
32478
32478
32478
32478
32478
32478
32492
32513
32531
32533
32541
32541
32541
32541
32541
32541
32541
32541
32541
32541
32541
32541
32541
32541
32541
32541
32541
32541
32541
32548
32556
32558
32570
32595
32675
32680
32692
32693
32713
32729
32748
32749
32764
