72628
32541
32545
32549
32553
32557
73011
72630
73282
32561
72735
32565
32569
32573
73439
32577
72989
32581
32585
73441
32589
32593
72890
32597
32601
73397
32605
72974
32609
32613
32617
32621
72648
72874
32625
73621
32629
32633
32637
32641
32645
73060
32649
72852
32653
73490
72724
73524
72908
72794
72763
73356
73289
73133
73654
32657
73423
32661
72797
32665
32669
32673
72991
73192
32677
73089
32681
32685
32689
32693
73446
32697
73632
73078
72735
72990
32701
73182
32705
32709
73661
32713
32717
73055
73111
72903
32721
32725
72943
72841
73531
72734
32729
73236
32733
32737
73083
32741
72758
73585
73641
73670
32745
73660
73635
73284
32749
73507
32753
73183
32757
72943
73235
32761
73485
73472
32765
72921
32769
73080
73315
32773
73696
73307
32777
32781
73011
32785
73054
32789
32793
73085
32797
73423
32801
32805
73122
73002
32809
73687
32813
73501
73368
32817
72986
73177
72827
72967
32821
72983
32825
73281
73253
32829
32833
32837
32841
73543
32845
73041
73326
73518
73340
32849
73245
73533
32853
73107
32857
73830
32861
32865
32869
32873
73152
73348
73637
32877
32881
32885
32889
32893
32897
73582
72954
32901
73010
32905
32909
32913
73351
73690
32917
73518
73375
32921
32925
32929
32933
32937
73768
32941
32945
32949
32953
32957
73034
73140
73816
32961
32965
73657
32969
73693
73196
73031
73360
73143
73131
32973
32977
73921
73245
32981
32985
32989
73568
32993
32997
33001
33005
33009
33013
33017
33021
33025
73239
33029
73976
33033
73072
33037
73780
33041
73974
73301
33045
73474
73785
33049
33053
73748
73711
33057
73985
73226
73295
33061
33065
73512
73411
74038
73453
33069
33073
73887
33077
33081
33085
73180
33089
33093
73386
33097
33101
74004
73796
73900
73675
73318
73771
33105
73836
73285
33109
73646
74067
33113
33117
33121
73833
33125
74101
73569
33129
74088
33133
33137
73349
33141
73957
73752
73802
74116
33145
33149
73254
74050
74099
33153
33157
73467
33161
33165
73796
73292
73460
33169
33173
33177
33181
74042
33185
33189
74146
73778
33193
33197
33201
73694
73219
33205
73910
73903
73543
33209
33213
74213
73812
33217
73983
33221
33225
73986
73590
73889
74163
33229
33233
33237
33241
73613
73868
33245
33249
33253
33257
73707
73284
33261
33265
33269
74229
33273
73916
73962
33277
73932
73614
73860
73427
33281
74127
33285
33289
74044
74089
33293
33297
73718
74174
33301
33305
33309
33313
33317
73359
33321
73583
74292
33325
73624
73793
73846
73430
73511
33329
33333
73435
33337
33341
33345
33349
33353
74308
33357
73952
73770
33361
33365
73966
73813
33369
33373
33377
33381
33385
33389
74091
33393
74014
33397
33401
74391
74147
74205
73479
74273
33405
33409
33413
33417
33421
33425
33429
33433
73882
73521
33437
33441
73565
73791
73884
73923
33445
74175
33449
33453
74402
33457
33461
33465
74231
33469
33473
33477
33481
74171
33485
33489
33493
33497
33501
33505
33509
73692
33513
33517
33521
74481
73719
33525
33529
33533
74297
33537
73816
74164
33541
33545
74264
33549
73953
33553
33557
33561
33565
74118
74055
73569
33569
73838
33573
74164
74212
74519
33577
74408
33581
33585
33589
33593
74319
33597
33601
74286
73621
73683
33605
33609
74570
33613
74027
33617
33621
33625
74383
74469
33629
74361
33633
33637
33641
33645
33649
33653
33657
73729
33661
33665
33669
33673
74363
33677
33681
33685
33689
33693
74554
33697
33701
33705
33709
33713
74641
33717
33721
33725
73770
74285
74654
33729
33733
33737
33741
33745
73840
33749
74129
33753
33757
73911
74512
33761
74338
74511
33765
74523
33769
33773
33777
74566
74677
73946
33781
33785
74255
33789
74639
74492
33793
74260
33797
33801
74017
73950
33805
33809
73817
74536
74111
74598
33813
74015
73940
74450
73885
33817
33821
33825
74601
33829
33833
33837
33841
33845
33849
33853
33857
33861
74143
74542
74209
33865
33869
33873
74352
33877
33881
33885
74269
33889
74001
74545
33893
33897
33901
73971
74155
74186
33905
33909
33913
74450
33917
74096
74860
74025
74310
33921
33925
33929
33933
33937
33941
33945
74536
33949
74509
74790
74928
33953
74886
33957
33961
74318
73967
33965
33969
33973
74292
74105
74913
74770
33977
33981
33985
33989
74662
74903
33993
33997
34001
34005
74341
74304
75007
74695
34009
34013
34017
34021
74031
34025
74360
34029
34033
34037
74052
74794
74628
34041
34045
34049
74102
74164
74659
74692
74191
34053
74901
74838
74536
74724
34057
34061
34065
34069
34073
74967
34077
34081
74106
34085
34089
34093
74745
34097
34101
74653
74287
34105
74699
34109
74963
74154
74300
34113
75081
34117
34121
74770
34125
75072
34129
34133
34137
34141
34145
74879
74451
34149
75031
34153
74590
74725
34157
34161
34165
34169
34173
74735
34177
34181
74501
34185
74391
34189
34193
75081
75181
74218
34197
34201
34205
74372
74234
74243
74855
74434
74209
34209
34213
75084
75000
34217
74273
75192
74531
74542
34221
75129
34225
34229
34233
74330
34237
34241
34245
34249
34253
34257
74470
74510
34261
34265
34269
75260
74476
34273
74822
34277
34281
74733
34285
34289
74923
74785
74886
34293
34297
75137
34301
34305
34309
75158
74363
34313
34317
74865
74443
74932
34321
75069
34325
34329
74850
75066
74657
34333
75030
74753
34337
74849
34341
34345
74958
75116
34349
34353
34357
75110
74410
75140
74915
74864
34361
34365
75216
74447
34369
34373
34377
34381
34385
74788
74640
34389
74898
34393
34397
74528
75348
34401
75305
75390
34405
34409
75276
75103
34413
75119
75398
34417
74969
34421
75415
75063
34425
34429
74924
74690
74903
74614
74467
34433
74486
34437
34441
34445
34449
34453
34457
34461
34465
75054
34469
34473
74611
75144
34477
34481
34485
75475
74741
74677
34489
34493
74498
34497
34501
75182
75493
74830
74654
74756
74674
74691
74782
74614
34505
74846
34509
74881
74607
75380
34513
75138
34517
34521
34525
74701
34529
34533
75022
34537
74941
34541
34545
34549
75320
75176
34553
34557
34561
74982
34565
34569
74639
34573
34577
34581
75183
34585
74765
74807
74911
75522
34589
75360
75238
34593
34597
34601
34605
34609
74945
34613
34617
75342
74803
34621
75435
34625
75599
34629
34633
75434
34637
34641
75487
74798
75280
75196
75026
34645
75382
74658
34649
75298
34653
75121
74837
34657
75149
34661
75494
75231
75469
34665
75183
34669
75444
34673
75286
34677
75496
34681
75684
75586
34685
75242
75644
34689
34693
75266
75022
75268
75362
34697
75529
74852
75486
74899
75071
34701
34705
75237
75399
75088
34709
75392
74988
34713
74911
34717
34721
34725
75061
75339
75345
34729
34733
75202
74822
74948
34737
75334
74935
34741
34745
75416
34749
34753
75050
34757
34761
75735
74841
34765
75509
34769
74885
34773
34777
34781
75404
75239
34785
75695
75068
74968
75181
74869
34789
34793
75180
75042
75564
74818
75777
75461
34797
34801
75497
34805
75650
74999
74873
75425
74854
34809
34813
75314
34817
34821
34825
75288
34829
75731
34833
34837
75277
34841
34845
34849
34853
75019
74974
34857
34861
34865
74897
34869
34873
34877
75775
34881
34885
34889
75139
34893
75213
75291
34897
34901
34905
34909
34913
34917
75918
74998
34921
75472
34925
75474
34929
34933
34937
75328
34941
34945
75814
75756
75901
75923
34949
34953
75103
75651
75024
34957
75154
75149
34961
34965
34969
75143
34973
34977
75409
75662
75916
75508
34981
75432
75466
75620
75787
75085
75349
75096
75713
34985
34989
34993
75744
34997
75278
75304
75196
35001
75594
75951
35005
35009
35013
75516
75838
35017
35021
75695
75648
35025
35029
75954
35033
35037
75429
75548
75290
75573
35041
75399
75892
75226
75293
75738
35045
75804
76048
75386
75539
35049
75413
35053
35057
75159
35061
75457
35065
75603
75194
75620
35069
35073
75507
75769
75346
35077
35081
75446
75213
35085
75471
35089
35093
75160
75895
35097
75537
75377
35101
35105
75760
35109
35113
35117
75302
75759
35121
75161
76082
75285
35125
75438
75861
35129
75889
35133
35137
35141
35145
76069
35149
75578
35153
35157
75893
35161
35165
75284
35169
35173
75544
35177
35181
35185
75600
75275
35189
76106
35193
75755
76048
76168
75812
75920
76104
76062
75938
35197
35201
35205
75575
75763
35209
35213
35217
75470
35221
35225
75397
35229
75470
35233
75616
35237
35241
35245
35249
35253
35257
35261
35265
75340
75762
35269
75821
75782
35273
35277
75787
76193
35281
75286
35285
35289
76005
75375
35293
35297
35301
35305
35309
35313
76226
35317
35321
75575
76028
35325
35329
75848
75740
35333
35337
75817
35341
75662
35345
76226
75580
75729
35349
76272
35353
75433
35357
75920
35361
35365
35369
75695
76205
35373
76073
35377
75983
35381
75599
35385
75856
35389
35393
75450
35397
76145
76276
76331
35401
35405
75454
75867
75897
76005
75577
35409
35413
35417
35421
35425
76198
75952
75911
35429
35433
76125
75671
75942
35437
35441
75467
76014
35445
35449
76159
75999
75682
35453
35457
35461
75894
75489
35465
76134
35469
75899
76408
35473
75740
35477
76152
35481
75896
75879
75716
76483
35485
35489
35493
76201
76262
35497
35501
76504
76349
35505
75984
75915
35509
76383
35513
35517
35521
76030
35525
35529
75780
75534
35533
75971
75739
76295
76468
35537
76390
76538
35541
35545
35549
76495
35553
76423
35557
76126
76500
76156
35561
35565
75723
75961
76376
35569
76218
75904
35573
75622
35577
35581
76181
75689
76563
76258
76265
76044
35585
35589
35593
75707
75971
35597
75977
75642
35601
35605
35609
35613
35617
35621
76258
35625
76200
35629
35633
76364
35637
35641
35645
76004
76057
76328
76457
35649
75686
35653
76426
35657
75745
35661
75703
35665
35669
76408
35673
76230
75851
75837
76026
76598
35677
76354
76012
76011
35681
35685
35689
76498
35693
35697
35701
35705
75714
75777
35709
75926
76525
76436
35713
35717
35721
76320
76023
35725
35729
35733
75975
35737
76557
35741
75824
35745
76368
35749
76752
76694
76254
35753
35757
76257
35761
76573
76347
76334
35765
35769
76645
35773
76163
35777
35781
75889
35785
75879
76738
35789
75987
76714
35793
76692
76050
35797
35801
35805
35809
35813
76720
76495
35817
35821
76287
76092
35825
76638
76468
76035
76558
76593
35829
75956
35833
76120
75934
76344
35837
75859
76573
76481
76447
76056
35841
76375
35845
35849
76491
76105
35853
76595
35857
76032
76828
76063
35861
75930
76470
35865
76804
35869
76691
76630
76824
35873
35877
75883
35881
35885
75964
76015
76574
76286
35889
76309
75925
35893
35897
35901
35905
76616
35909
76290
76447
76356
35913
35917
76599
75982
76781
35921
75993
35925
35929
76162
76769
35933
35937
76638
35941
76178
35945
76848
35949
76914
35953
76652
76950
35957
76297
76068
35961
35965
35969
35973
76054
76179
76795
35977
76932
35981
76908
76396
35985
76354
35989
76299
76849
35993
35997
36001
36005
36009
36013
36017
36021
36025
36029
36033
36037
76502
36041
36045
36049
36053
76734
76128
36057
36061
76528
36065
76932
76948
76724
76743
36069
36073
77046
36077
76462
76392
76274
76668
36081
76512
76229
36085
36089
76423
76862
76122
76791
36093
36097
36101
36105
36109
36113
76499
76735
36117
36121
36125
76295
77036
36129
36133
36137
36141
76266
36145
36149
36153
76431
36157
36161
77043
36165
36169
76300
36173
36177
76356
76550
76910
36181
36185
36189
76619
76679
36193
76663
77088
36197
76424
36201
36205
36209
36213
76971
36217
76705
36221
76711
36225
77142
76597
76654
76847
77039
77161
77171
36229
76759
77114
36233
76556
36237
36241
36245
36249
36253
36257
76882
76272
36261
36265
36269
36273
36277
77082
36281
36285
76466
77097
76417
36289
36293
36297
36301
36305
76654
36309
77064
36313
36317
36321
36325
76670
76806
36329
76979
36333
36337
36341
36345
76826
36349
76735
76879
36353
36357
76490
77118
36361
36365
76576
36369
36373
36377
36381
76516
36385
36389
36393
36397
36401
77145
77248
76770
36405
36409
36413
36417
76666
76468
76807
36421
77006
76483
36425
36429
76902
36433
36437
76710
36441
36445
77384
76996
36449
76924
76839
76703
36453
77137
76833
77368
76551
36457
76764
76787
36461
77068
76499
36465
36469
36473
36477
77031
77149
36481
77479
36485
36489
36493
36497
77478
36501
76517
36505
77011
36509
77225
76894
36513
36517
77388
36521
77472
77257
36525
36529
76855
36533
77259
36537
36541
36545
36549
76903
77052
36553
76628
76995
36557
77173
36561
77146
76702
76874
36565
36569
36573
36577
76991
36581
36585
77353
36589
36593
76825
36597
36601
76653
77166
76952
76851
36605
36609
77195
76966
36613
77447
76979
36617
76794
77309
77525
36621
36625
36629
36633
77377
36637
77059
36641
36645
36649
36653
36657
77057
36661
77128
36665
36669
76915
77608
36673
77614
76831
36677
77675
77207
77137
36681
36685
36689
36693
76729
76977
77315
36697
76863
76847
36701
77429
77527
77601
77172
36705
36709
77495
36713
36717
36721
36725
77446
36729
36733
36737
77001
36741
36745
36749
76888
36753
77751
77562
77049
36757
36761
77630
36765
77430
36769
36773
36777
36781
36785
36789
76809
77565
36793
36797
36801
36805
77063
77315
76988
36809
36813
77619
36817
36821
36825
77056
77229
77236
36829
36833
76841
36837
36841
77026
36845
36849
36853
77318
77719
36857
77140
77192
77493
36861
36865
77479
36869
77051
77185
36873
36877
77249
77658
77125
76944
36881
36885
36889
36893
77236
77846
36897
76985
76964
76971
77403
77236
76976
77250
77450
36901
77809
77558
77737
77596
76924
77293
36905
77140
36909
77244
77597
77107
36913
77725
36917
77269
36921
77445
77668
77837
36925
77351
36929
36933
36937
77344
77148
36941
77775
36945
36949
36953
77416
77722
36957
36961
36965
77760
36969
36973
77926
36977
36981
36985
36989
36993
36997
37001
37005
77393
37009
77212
77578
77971
37013
37017
77586
77966
77133
77588
77608
77176
77312
77807
37021
77186
37025
77642
37029
77203
37033
77887
37037
37041
37045
77607
77320
37049
37053
37057
37061
77134
37065
37069
37073
37077
37081
37085
77562
37089
37093
77673
77621
77365
78080
77955
77596
37097
37101
77774
78075
77457
37105
77580
77762
37109
37113
37117
37121
77308
77658
77582
37125
77356
77409
37129
37133
37137
37141
37145
78022
37149
37153
37157
37161
37165
37169
78061
77563
37173
37177
77457
77923
77864
37181
77905
77271
77770
77256
77643
37185
77197
37189
37193
37197
37201
77375
37205
77924
78067
37209
77258
37213
37217
37221
77771
77623
37225
37229
77233
37233
37237
37241
37245
77744
37249
37253
37257
78109
77283
37261
37265
37269
37273
77908
77936
37277
77568
37281
37285
37289
78240
37293
37297
78138
37301
77793
77948
77885
77993
77983
37305
78202
37309
77764
37313
78291
37317
78316
77433
37321
37325
37329
37333
77988
37337
77482
37341
77871
37345
78038
77570
77865
37349
77390
37353
78120
77915
77496
37357
37361
37365
78293
77662
77912
77865
37369
78047
78041
77966
37373
37377
77500
77611
37381
37385
77401
37389
77557
77604
37393
78149
77738
78013
37397
37401
78317
77981
37405
77613
78208
78141
37409
77870
78396
37413
78086
77770
37417
37421
37425
37429
37433
77608
37437
77444
78086
37441
77818
78229
78288
37445
78298
37449
77712
37453
77655
37457
78444
37461
37465
37469
37473
77818
37477
37481
77716
37485
78196
37489
78137
77663
37493
78126
78169
37497
37501
37505
78270
77594
37509
37513
37517
78059
77788
37521
78487
77800
78458
37525
77551
37529
78502
37533
37537
78362
77746
37541
37545
37549
37553
37557
78221
37561
37565
37569
37573
78397
37577
37581
78492
78057
37585
78251
78159
78322
78124
37589
37593
78505
77946
37597
37601
77879
77958
37605
78322
78489
37609
78017
77840
77956
78581
37613
78551
78530
37617
77980
37621
37625
78008
77802
78248
37629
37633
78620
78511
77686
37637
77821
37641
37645
77819
37649
37653
37657
37661
78451
37665
78536
78449
37669
37673
78045
37677
78254
37681
37685
77861
37689
37693
37697
37701
77740
37705
78597
37709
37713
78385
77748
37717
78283
37721
78248
37725
37729
37733
78723
37737
37741
37745
78100
78427
37749
37753
37757
77831
78396
37761
37765
37769
37773
37777
78348
37781
78193
37785
78634
78678
78250
78770
37789
78246
37793
78335
78692
37797
77886
78092
78373
37801
78197
78721
78141
37805
78735
78741
78172
78148
77857
78160
37809
78709
37813
37817
37821
37825
37829
37833
37837
37841
37845
37849
78655
78548
37853
78725
77901
37857
37861
78305
78638
37865
78655
78168
37869
78208
37873
37877
78858
78000
37881
37885
37889
78011
77939
78534
37893
78748
37897
77947
37901
37905
37909
37913
37917
78475
78540
37921
78889
78625
78332
37925
78576
37929
37933
78558
37937
37941
78414
37945
37949
37953
78539
78926
78135
78536
37957
78168
37961
37965
78455
37969
78727
78971
78868
37973
78631
78500
37977
78686
78947
78946
78430
37981
37985
37989
37993
78238
37997
38001
38005
78518
78780
38009
78149
78150
78720
38013
38017
78586
38021
38025
38029
78141
38033
78454
78325
78869
78642
38037
38041
78908
78211
38045
78826
38049
38053
79007
38057
38061
78843
78854
78573
78815
38065
38069
78790
38073
78809
38077
78835
78914
78653
78691
38081
78974
78915
78412
38085
38089
78666
79058
38093
78522
38097
38101
78913
38105
38109
78983
38113
78394
38117
78158
38121
78255
38125
79097
38129
38133
78658
38137
38141
79096
38145
38149
38153
79133
79058
38157
78504
78923
78472
78181
38161
38165
78475
78221
38169
38173
38177
78602
38181
38185
38189
78688
78508
38193
78823
38197
38201
78931
38205
38209
38213
78225
79032
78937
78286
38217
79153
78867
38221
38225
78484
78961
79024
38229
38233
38237
79005
79208
38241
38245
79099
79088
38249
38253
38257
78838
78606
78569
78845
38261
78631
78293
38265
78849
38269
79016
78566
38273
78330
78326
38277
78915
78479
38281
38285
78672
78877
79102
38289
78364
38293
78802
79203
38297
38301
78877
78778
38305
38309
38313
79071
38317
78587
38321
78621
38325
78447
78557
38329
78787
78453
38333
38337
79049
38341
78615
78361
78401
78771
78536
38345
38349
78927
38353
78498
78677
78736
79335
78997
78519
38357
38361
78663
78824
78637
38365
78666
38369
38373
78549
79190
79281
38377
38381
38385
79090
79124
78781
38389
38393
78858
38397
38401
38405
79297
78796
38409
78626
79081
78841
38413
79347
38417
79129
78631
38421
78952
79247
79352
79289
78911
38425
38429
38433
38437
38441
79086
78541
38445
38449
79179
38453
78745
78675
38457
78494
79063
38461
78987
78638
38465
79217
38469
79357
78614
79056
38473
78536
38477
38481
78961
79277
78950
78937
38485
78859
79078
78694
38489
78521
38493
78588
79358
79344
78972
79493
38497
78704
79155
79168
38501
38505
79339
38509
78796
79271
78951
78762
38513
79290
79039
38517
78721
38521
79390
38525
79309
38529
38533
79063
38537
38541
79097
38545
38549
38553
38557
38561
79151
79163
38565
78806
38569
79129
78792
78669
78758
79091
79035
78868
79413
38573
79080
79111
78910
38577
79117
38581
79067
78831
38585
38589
79255
78865
79069
38593
38597
38601
38605
79420
38609
79175
79252
79338
79309
38613
78821
79604
38617
79126
38621
38625
38629
79244
38633
38637
38641
79221
79584
38645
38649
38653
38657
38661
38665
78690
79194
79440
38669
38673
79627
38677
79289
79056
38681
79671
78896
38685
38689
38693
79441
78943
79169
38697
38701
79203
79256
38705
38709
38713
79452
38717
79211
79036
79088
78840
38721
79525
38725
38729
38733
79281
38737
79531
38741
78825
38745
38749
38753
78776
38757
38761
79451
38765
38769
38773
38777
38781
38785
38789
38793
38797
38801
79569
79181
79708
78949
38805
79212
79064
38809
38813
79008
78980
38817
38821
38825
78884
38829
79338
38833
38837
79362
79166
79461
79322
79778
79705
38841
78950
79002
38845
79371
79542
79489
79581
78934
38849
79239
38853
38857
38861
38865
78984
79455
79037
78937
79806
38869
79137
38873
38877
79475
79061
79382
79061
79637
79725
79279
38881
79571
79332
79219
38885
79332
79296
78954
78940
38889
79557
38893
79222
79848
38897
38901
38905
38909
79323
79031
79763
38913
79189
38917
79126
38921
38925
78972
38929
79878
38933
38937
38941
79058
38945
79723
79213
79930
38949
79062
79118
38953
79105
38957
38961
78985
79314
38965
78987
79730
79132
38969
79418
79685
79943
78995
38973
79073
79766
38977
79321
38981
79490
79648
79797
38985
38989
79396
79595
38993
38997
79903
79252
79215
39001
79735
79551
79884
79938
39005
39009
39013
39017
79547
39021
79907
39025
79986
39029
79127
79747
39033
79202
39037
79941
39041
80026
79466
39045
39049
39053
39057
39061
39065
39069
39073
79266
79542
39077
39081
39085
39089
79224
79490
79155
79564
79797
79600
39093
39097
79761
79812
39101
39105
39109
39113
39117
39121
79872
39125
39129
39133
79451
79945
79689
79306
80025
79315
39137
80068
39141
39145
79466
39149
39153
39157
39161
79182
79734
39165
39169
39173
39177
79688
80146
39181
39185
39189
39193
79312
39197
79522
39201
79959
80146
39205
79743
80111
80197
39209
39213
39217
39221
79362
79861
79322
79509
39225
39229
79912
39233
79912
80211
79959
39237
39241
79894
79352
79999
39245
79653
39249
79369
39253
80044
39257
39261
39265
39269
79802
39273
80257
80214
79610
79598
79755
39277
79989
39281
39285
79352
79917
39289
79996
39293
39297
39301
39305
80123
79986
80146
79895
79669
39309
39313
79802
39317
39321
39325
39329
80212
80295
39333
79963
39337
79989
80326
80259
39341
79405
79482
80234
79351
79948
39345
79949
79670
39349
79463
39353
79804
79628
80258
79580
39357
80124
39361
79486
79411
80133
39365
80053
39369
80059
79406
79806
39373
79526
80100
39377
39381
80002
79911
39385
39389
39393
39397
39401
39405
39409
80195
39413
39417
39421
39425
39429
79519
79743
79747
39433
79874
39437
39441
80429
80423
80113
39445
39449
80395
39453
39457
39461
39465
79475
79960
39469
79489
39473
80352
79969
79776
80236
80096
80009
80473
39477
39481
80145
39485
39489
39493
79942
39497
80106
39501
79905
39505
39509
80108
79802
39513
80411
79553
79765
39517
39521
39525
39529
79628
39533
39537
39541
80031
39545
39549
39553
80512
79947
80249
39557
39561
39565
39569
80021
39573
80316
79935
80119
79642
39577
80517
79889
80018
80452
79866
79806
80179
39581
39585
39589
80381
39593
80412
39597
79602
39601
39605
39609
80192
39613
39617
79883
80585
80539
39621
39625
39629
39633
80244
80567
80123
39637
39641
39645
39649
39653
80049
39657
39661
39665
39669
39673
39677
80106
80470
39681
39685
39689
79862
80252
80545
80009
39693
39697
39701
79843
80105
79872
80522
39705
39709
79967
39713
39717
80566
39721
39725
39729
39733
80372
79768
79985
39737
80102
39741
39745
39749
80316
80334
39753
39757
39761
80285
80399
80112
39765
39769
39773
39777
80716
80322
80482
79893
80051
80250
39781
39785
80385
80106
39789
79851
80150
39793
39797
80601
80755
80621
39801
79950
39805
39809
39813
79940
39817
79879
39821
39825
39829
80085
39833
39837
39841
80837
80322
39845
80080
80661
80654
80736
80526
80388
39849
79879
39853
80241
39857
80218
39861
80087
39865
39869
80386
80043
39873
39877
80767
80535
39881
39885
39889
80305
39893
39897
80341
39901
39905
39909
79930
39913
39917
80874
80861
80390
80283
39921
39925
79943
80075
80600
80635
80262
80301
80183
39929
80452
39933
39937
80589
79975
80619
80795
79976
39941
39945
39949
80427
39953
80723
80067
80040
80457
80626
39957
80196
80624
80197
80909
80329
80788
39961
39965
39969
39973
80968
39977
39981
80552
80430
39985
80398
80163
39989
39993
80651
80473
39997
40001
80796
40005
80578
40009
40013
80643
80521
80675
40017
40021
80889
80595
40025
40029
80477
40033
40037
40041
40045
80452
80601
80369
80906
40049
80964
80560
40053
80125
40057
80634
81017
40061
40065
80596
40069
40073
80231
80516
80736
80350
81003
81000
40077
80593
80588
40081
40085
81013
80115
80500
40089
40093
40097
40101
40105
40109
40113
80298
80143
80627
81000
40117
80142
40121
40125
80494
80409
40129
40133
80923
81096
80861
40137
40141
81012
80241
40145
80845
80151
80347
81052
40149
40153
80600
40157
80357
40161
81158
40165
40169
80360
40173
80580
40177
40181
80373
40185
80737
40189
80714
40193
80905
40197
40201
80687
40205
40209
80757
81063
40213
40217
80271
40221
80732
80393
40225
40229
40233
40237
40241
81191
40245
40249
80510
80300
40253
40257
40261
40265
40269
40273
80340
40277
80950
40281
40285
80887
40289
40293
80923
40297
80974
40301
40305
81261
80803
40309
80849
80419
40313
40317
80524
40321
80515
40325
40329
40333
40337
81199
40341
80516
80547
81152
81071
80450
80560
40345
81057
80412
40349
40353
40357
80392
40361
80889
40365
80746
80471
80381
40369
40373
81121
40377
40381
80539
40385
81273
80823
81171
81032
40389
40393
40397
40401
80643
81327
80834
81196
81092
40405
40409
81122
80865
81092
40413
81062
80897
80933
81029
40417
40421
80600
81249
81030
40425
40429
81397
80789
81199
80743
40433
80532
80661
80561
40437
80985
81253
40441
80609
80825
80475
80662
40445
81336
40449
40453
81239
40457
40461
40465
40469
40473
40477
40481
40485
40489
81209
40493
81162
81188
80959
40497
80973
81499
40501
40505
80765
81505
81064
40509
40513
81193
81069
40517
80725
80943
40521
40525
81306
80809
40529
81392
40533
40537
40541
40545
40549
81354
81307
80834
40553
80601
40557
81079
81199
40561
40565
40569
40573
81215
80977
40577
40581
80899
40585
80708
81036
40589
81478
81039
40593
80780
80761
80923
40597
40601
40605
40609
81125
81173
40613
80793
40617
40621
40625
81557
80743
40629
40633
81008
40637
40641
40645
80931
80689
80882
40649
81278
81472
40653
40657
81563
81436
81314
40661
81396
80788
80793
40665
80896
40669
80675
40673
40677
80807
80702
80829
81323
81378
81551
81485
40681
40685
81260
80849
81288
40689
81539
40693
80716
81426
40697
40701
81487
40705
40709
81248
40713
81204
81221
40717
40721
40725
81719
40729
81346
81143
40733
81303
80988
81596
81331
81354
81402
40737
40741
81519
40745
40749
40753
80870
40757
40761
81575
40765
40769
40773
80958
81248
40777
81397
40781
81022
40785
40789
80884
81767
40793
40797
81664
81748
81526
40801
81230
80966
40805
40809
81670
40813
40817
40821
40825
81330
40829
81731
81273
81761
40833
40837
40841
81230
40845
40849
81536
81681
81062
40853
40857
81165
40861
40865
40869
81252
81083
81276
81267
40873
40877
40881
81379
40885
40889
81282
40893
81881
40897
81363
80977
80915
81347
40901
80960
40905
80970
40909
81573
81390
40913
40917
40921
40925
81820
40929
40933
81810
40937
40941
40945
40949
40953
40957
40961
40965
40969
81961
40973
81714
40977
40981
81452
40985
81399
40989
40993
40997
41001
81945
41005
41009
41013
41017
81029
41021
81685
41025
41029
81336
81277
41033
81397
81361
81299
81279
81952
41037
81269
41041
41045
81611
81906
41049
41053
41057
81558
81779
81393
41061
41065
81791
81207
41069
41073
81338
41077
81776
81423
41081
82002
41085
81870
41089
81277
81670
41093
41097
41101
81231
41105
41109
81793
81201
41113
81585
81539
81365
41117
41121
41125
41129
41133
41137
81596
81973
81465
41141
81288
41145
81419
81535
81702
41149
81694
81770
81185
41153
81876
41157
41161
41165
41169
81490
81292
41173
81822
81551
41177
81531
41181
82002
41185
41189
82067
41193
41197
41201
81519
41205
41209
41213
81991
81618
81861
41217
81344
41221
41225
41229
81399
41233
81341
41237
82078
41241
81436
41245
41249
41253
41257
41261
81978
82082
81794
81545
41265
81554
81665
41269
41273
41277
41281
41285
82127
81952
81761
41289
82227
81620
41293
41297
41301
41305
41309
81624
82013
41313
41317
81734
41321
81526
81651
82267
41325
82197
41329
41333
82139
81663
81474
41337
81575
41341
41345
81872
41349
41353
41357
41361
41365
82288
81514
41369
41373
82305
82034
41377
82305
81831
41381
41385
81450
41389
41393
41397
41401
41405
41409
81598
82220
41413
81429
81851
82406
81923
81802
81758
41417
41421
81964
81435
82208
81562
81675
82108
41425
82373
81874
41429
41433
81622
41437
41441
81626
41445
82088
41449
82186
41453
41457
81778
82359
41461
82342
41465
41469
81903
81934
81906
82445
81995
82246
41473
41477
82480
41481
41485
81810
82463
81894
41489
41493
82006
41497
41501
41505
41509
41513
81812
41517
82409
41521
82009
81579
82277
81990
41525
81546
41529
81939
41533
41537
41541
81594
41545
82192
41549
41553
41557
41561
41565
41569
82329
41573
41577
41581
81925
82462
81905
41585
41589
41593
41597
41601
82169
81774
82505
41605
41609
82144
82274
82421
82046
41613
82573
41617
41621
82410
81744
41625
41629
41633
82545
82369
82453
81971
81932
41637
81698
81645
41641
41645
82548
81706
82425
81689
81994
41649
81721
41653
82438
41657
82161
41661
81886
41665
41669
41673
41677
82009
82304
41681
81890
82566
41685
82280
81791
41689
41693
41697
81736
41701
41705
81837
82633
41709
82240
41713
82347
82686
41717
82235
81866
41721
82495
81821
41725
82694
82298
82677
41729
41733
82023
41737
82316
82165
41741
41745
41749
82379
82111
82350
41753
41757
82500
82673
82698
82612
41761
41765
41769
41773
82191
41777
82461
82056
41781
81974
81888
82648
41785
41789
82240
41793
41797
82533
82636
82133
82259
41801
82096
82556
81818
82539
41805
82174
41809
82221
41813
82803
41817
41821
82051
41825
82441
41829
41833
82636
82228
41837
82579
82407
82102
82310
41841
41845
41849
41853
41857
82697
41861
41865
82799
41869
82621
41873
82483
82033
82162
41877
82346
82459
82346
82015
41881
41885
41889
41893
82212
41897
41901
81959
82806
82210
82087
41905
41909
82631
82658
41913
41917
41921
41925
41929
82259
41933
41937
41941
41945
41949
82916
82796
82103
41953
41957
41961
41965
82414
82785
82036
82932
82891
82063
82282
41969
81993
41973
82165
41977
82501
41981
82080
82946
41985
82401
82138
41989
41993
41997
82871
82681
82139
42001
82253
42005
82070
42009
82760
82979
82752
82632
42013
42017
82346
82187
42021
42025
82296
42029
82417
42033
42037
42041
42045
42049
42053
42057
82535
42061
82699
42065
42069
83071
42073
82495
42077
82954
82701
82303
82867
82229
42081
82331
82470
82241
82553
42085
42089
82703
82195
42093
82153
42097
42101
82293
82206
82449
83034
42105
42109
82830
82864
42113
82871
82932
82146
82409
82123
42117
82230
82198
42121
82753
42125
42129
42133
82322
42137
42141
83107
42145
83009
82234
42149
42153
42157
42161
82551
82328
83038
42165
42169
42173
82669
82757
82394
82232
82479
42177
82445
82418
82647
42181
82786
42185
83023
83030
83038
42189
82698
42193
82606
42197
42201
82706
83160
42205
42209
42213
82220
82296
83088
42217
83197
42221
82860
42225
42229
82244
42233
42237
42241
83154
82405
42245
83228
82956
82282
42249
83021
82932
42253
42257
42261
42265
82650
42269
82416
82400
82350
42273
82278
82773
42277
82352
42281
83193
82648
82638
83020
42285
82970
42289
42293
42297
82996
42301
83242
42305
83209
83124
82575
82517
83183
42309
42313
83107
82361
42317
83181
42321
42325
82340
82584
83204
82385
82756
82952
42329
42333
83007
42337
42341
82590
82851
42345
82686
83344
83266
42349
83015
82514
42353
42357
42361
83303
83132
83241
82774
42365
82452
82722
83240
82776
42369
42373
82671
83314
42377
42381
42385
42389
83078
83176
42393
42397
82669
42401
82468
42405
42409
42413
82764
42417
82813
83024
82665
42421
82826
82459
83249
82577
42425
82512
82668
82679
82659
82961
82477
42429
82631
82862
82873
42433
83049
82825
42437
42441
82638
83165
42445
82454
82502
83165
83157
42449
42453
42457
82680
82560
82569
42461
83175
42465
42469
42473
83307
42477
83214
42481
42485
83102
82569
42489
83483
83051
42493
42497
83130
82582
82518
83360
42501
83073
83459
42505
83494
82911
42509
42513
42517
82579
82842
42521
42525
82835
83080
82808
82965
82727
83289
83354
42529
83370
83047
83251
83250
42533
42537
83339
83060
83245
83403
42541
82635
83093
82623
42545
42549
82983
83134
42553
42557
42561
42565
83209
83515
42569
83364
83190
83109
82734
83416
83347
42573
83297
83203
82978
82984
42577
42581
42585
42589
82963
42593
42597
83210
42601
83434
42605
82883
42609
42613
42617
83230
42621
42625
42629
82957
42633
42637
83200
83483
42641
83243
83596
42645
42649
83602
42653
82986
42657
42661
42665
83586
42669
83181
83011
83367
42673
42677
42681
42685
42689
42693
42697
42701
82891
83660
83300
42705
42709
83298
83585
82781
42713
42717
83488
83467
82885
42721
83117
42725
42729
82823
83422
83273
42733
42737
83196
42741
42745
83042
83327
42749
83303
83152
42753
83700
82883
42757
42761
42765
83316
42769
42773
82828
42777
42781
83110
83681
42785
83200
83208
83063
83115
83417
42789
82967
42793
42797
82996
83076
83677
42801
42805
42809
82932
82936
42813
83450
42817
83290
42821
42825
42829
83098
83624
42833
42837
83074
42841
42845
83665
83116
83045
42849
83343
82906
42853
83408
42857
42861
83394
42865
42869
83017
83256
83462
42873
42877
83459
83617
83340
42881
83480
42885
42889
83230
83623
83294
42893
83046
42897
83386
42901
42905
83635
42909
42913
42917
83875
83209
83158
42921
83743
83906
83034
83808
83298
42925
42929
42933
42937
42941
83399
42945
42949
42953
83179
42957
83177
83883
42961
83133
83744
83580
42965
42969
83612
83293
42973
83247
42977
83889
83648
83359
42981
42985
83097
42989
42993
83409
83042
42997
83455
83443
43001
83424
83128
83948
83911
43005
83674
43009
83702
83607
83557
43013
43017
43021
83805
83663
43025
43029
83940
83920
83090
83931
43033
83262
43037
43041
43045
43049
43053
83124
83772
43057
83398
83592
83715
83076
83470
83179
43061
83682
43065
83268
83703
43069
43073
83664
43077
83379
43081
83304
83129
43085
83776
43089
83760
43093
84070
83784
43097
43101
84099
84013
43105
83113
83193
83663
43109
83473
83734
43113
43117
43121
83429
43125
83168
83967
43129
43133
43137
43141
43145
43149
43153
83450
43157
43161
83950
43165
43169
83373
43173
43177
83258
83636
83489
83523
83739
83997
43181
84009
84098
43185
83738
43189
43193
43197
43201
83740
83518
43205
43209
83852
43213
43217
83481
84014
43221
43225
43229
43233
43237
83830
83624
43241
43245
43249
83768
43253
43257
43261
83313
83524
84257
43265
83954
43269
83474
83895
43273
43277
84196
83336
43281
43285
83455
43289
43293
83330
84006
43297
83812
84176
43301
43305
43309
83774
83368
83536
83587
84141
84163
83406
83374
83924
83692
83797
43313
83351
43317
43321
84220
43325
43329
83772
83374
84312
43333
84194
43337
43341
83645
43345
84317
43349
43353
43357
43361
43365
43369
43373
43377
43381
83946
43385
43389
84088
43393
83765
43397
43401
83538
43405
83979
83709
84371
83565
43409
84310
43413
43417
43421
43425
43429
43433
83868
43437
83703
43441
43445
83919
84241
83787
83529
43449
84287
43453
43457
43461
43465
43469
84226
84388
43473
43477
83661
83799
83627
43481
83815
43485
43489
83525
83933
43493
84359
83852
84264
84289
83722
83674
84484
84214
43497
83577
43501
83528
43505
43509
43513
43517
43521
43525
43529
43533
84158
84344
83924
83765
83833
43537
83807
43541
43545
43549
43553
43557
83681
83873
84550
43561
43565
83947
83693
84525
84242
83877
83807
83878
84020
83575
43569
43573
43577
43581
43585
84530
84430
83626
84336
43589
43593
43597
43601
43605
43609
43613
43617
83990
43621
84291
43625
43629
43633
43637
43641
43645
84138
84287
43649
43653
43657
84113
43661
43665
83793
83887
84172
43669
43673
84163
84656
43677
84658
43681
43685
84356
84347
84195
43689
43693
43697
43701
84167
83991
83766
43705
43709
84694
43713
43717
43721
83781
43725
43729
83772
84284
43733
84225
43737
84241
43741
84653
84385
43745
43749
83832
43753
84068
43757
43761
43765
84660
43769
43773
84285
43777
84504
84670
43781
43785
43789
43793
43797
43801
83891
43805
84457
43809
84254
43813
83857
43817
84589
84612
43821
84600
84135
84559
43825
84553
43829
83973
84452
43833
84463
43837
43841
84065
43845
43849
43853
43857
43861
84691
83913
43865
84671
43869
43873
84793
84517
84613
84084
43877
84264
43881
84317
83930
43885
43889
84138
43893
84152
43897
84302
84342
43901
43905
84050
83967
84670
84274
43909
84687
43913
43917
84159
84907
84219
84748
43921
84880
84924
43925
43929
84811
43933
43937
43941
43945
84353
43949
43953
43957
84816
84588
43961
43965
43969
43973
43977
84084
43981
84212
84238
84482
84272
84532
84167
43985
43989
43993
84472
43997
84987
44001
84749
84697
84510
84659
44005
44009
84286
44013
84253
44017
84538
84403
44021
84512
44025
44029
84173
44033
84622
84232
44037
84234
84435
44041
44045
44049
84868
44053
84236
44057
84132
44061
85034
84645
44065
44069
84985
44073
84345
44077
84640
84701
44081
84863
44085
84236
44089
44093
44097
84733
44101
44105
44109
84920
44113
84281
44117
84465
44121
44125
84555
84523
44129
44133
44137
44141
44145
44149
84691
84192
84301
85020
84932
44153
84635
44157
44161
44165
44169
84467
44173
84906
84487
44177
85174
85143
44181
44185
44189
84248
84576
84228
44193
85076
84780
84862
44197
44201
84558
44205
84619
44209
84762
85013
44213
44217
84724
84310
44221
84370
44225
44229
44233
84968
44237
44241
84550
44245
44249
44253
44257
84284
44261
44265
84725
84959
85099
44269
84918
84895
84945
85155
84773
44273
44277
44281
84436
44285
85029
84855
84665
44289
84952
84508
44293
44297
84518
44301
44305
44309
44313
44317
44321
85207
84629
44325
84881
84485
44329
85205
84405
85029
84527
85132
85177
84496
84933
44333
84711
44337
85324
44341
84829
84500
84922
44345
85084
44349
85066
44353
44357
84858
84777
44361
85070
84548
44365
44369
84506
85152
85220
84609
84556
85259
84381
44373
44377
44381
44385
44389
84710
84673
44393
44397
44401
44405
44409
44413
44417
44421
44425
44429
44433
44437
44441
44445
44449
44453
44457
44461
44465
44469
44473
44477
44481
44485
44489
44493
44497
44501
44505
44509
44513
44517
44521
44525
44529
44533
44537
44541
44545
44549
44553
44557
44561
44565
44569
44573
44577
44581
44585
44589
44593
44597
44601
44605
44609
44613
44617
44621
44625
44629
44633
44637
44641
44645
44649
44653
44657
44661
44665
44669
44673
44677
44681
44685
44689
44693
44697
44701
44705
44709
44713
44717
44721
44725
44729
44733
44737
44741
44745
44749
44753
44757
44761
44765
44769
44773
44777
44781
44785
44789
44793
44797
44801
44805
44809
44813
44817
44821
44825
44829
44833
44837
44841
44845
44849
44853
44857
44861
44865
44869
44873
44877
44881
44885
44889
44893
44897
44901
44905
44909
44913
44917
44921
44925
44929
44933
44937
44941
44945
44949
44953
44957
44961
44965
44969
44973
44977
44981
44985
44989
44993
44997
45001
45005
45009
45013
45017
45021
45025
45029
45033
45037
45041
45045
45049
45053
45057
45061
45065
45069
45073
45077
45081
45085
45089
45093
45097
45101
45105
45109
45113
45117
45121
45125
45129
45133
45137
45141
45145
45149
45153
45157
45161
45165
45169
45173
45177
45181
45185
45189
45193
45197
45201
45205
45209
45213
45217
45221
45225
45229
45233
45237
45241
45245
45249
45253
45257
45261
45265
45269
45273
45277
45281
45285
45289
45293
45297
45301
45305
45309
45313
45317
45321
45325
45329
45333
45337
45341
45345
45349
45353
45357
45361
45365
45369
45373
45377
45381
45385
45389
45393
45397
45401
45405
45409
45413
45417
45421
45425
45429
45433
45437
45441
45445
45449
45453
45457
45461
45465
45469
45473
45477
45481
45485
45489
45493
45497
45501
45505
45509
45513
45517
45521
45525
45529
45533
45537
45541
45545
45549
45553
45557
45561
45565
45569
45573
45577
45581
45585
45589
45593
45597
45601
45605
45609
45613
45617
45621
45625
45629
45633
45637
45641
45645
45649
45653
45657
45661
45665
45669
45673
45677
45681
45685
45689
45693
45697
45701
45705
45709
45713
45717
45721
45725
45729
45733
45737
45741
45745
45749
45753
45757
45761
45765
45769
45773
45777
45781
45785
45789
45793
45797
45801
45805
45809
45813
45817
45821
45825
45829
45833
45837
45841
45845
45849
45853
45857
45861
45865
45869
45873
45877
45881
45885
45889
45893
45897
45901
45905
45909
45913
45917
45921
45925
45929
45933
45937
45941
45945
45949
45953
45957
45961
45965
45969
45973
45977
45981
45985
45989
45993
45997
46001
46005
46009
46013
46017
46021
46025
46029
46033
46037
46041
46045
46049
46053
46057
46061
46065
46069
46073
46077
46081
46085
46089
46093
46097
46101
46105
46109
46113
46117
46121
46125
46129
46133
46137
46141
46145
46149
46153
46157
46161
46165
46169
46173
46177
46181
46185
46189
46193
46197
46201
46205
46209
46213
46217
46221
46225
46229
46233
46237
46241
46245
46249
46253
46257
46261
46265
46269
46273
46277
46281
46285
46289
46293
46297
46301
46305
46309
46313
46317
46321
46325
46329
46333
46337
46341
46345
46349
46353
46357
46361
46365
46369
46373
46377
46381
46385
46389
46393
46397
46401
46405
46409
46413
46417
46421
46425
46429
46433
46437
46441
46445
46449
46453
46457
46461
46465
46469
46473
46477
46481
46485
46489
46493
46497
46501
46505
46509
46513
46517
46521
46525
46529
46533
46537
46541
46545
46549
46553
46557
46561
46565
46569
46573
46577
46581
46585
46589
46593
46597
46601
46605
46609
46613
46617
46621
46625
46629
46633
46637
46641
46645
46649
46653
46657
46661
46665
46669
46673
46677
46681
46685
46689
46693
46697
46701
46705
46709
46713
46717
46721
46725
46729
46733
46737
46741
46745
46749
46753
46757
46761
46765
46769
46773
46777
46781
46785
46789
46793
46797
46801
46805
46809
46813
46817
46821
46825
46829
46833
46837
46841
46845
46849
46853
46857
46861
46865
46869
46873
46877
46881
46885
46889
46893
46897
46901
46905
46909
46913
46917
46921
46925
46929
46933
46937
46941
46945
46949
46953
46957
46961
46965
46969
46973
46977
46981
46985
46989
46993
46997
47001
47005
47009
47013
47017
47021
47025
47029
47033
47037
47041
47045
47049
47053
47057
47061
47065
47069
47073
47077
47081
47085
47089
47093
47097
47101
47105
47109
47113
47117
47121
47125
47129
47133
47137
47141
47145
47149
47153
47157
47161
47165
47169
47173
47177
47181
47185
47189
47193
47197
47201
47205
47209
47213
47217
47221
47225
47229
47233
47237
47241
47245
47249
47253
47257
47261
47265
47269
47273
47277
47281
47285
47289
47293
47297
47301
47305
47309
47313
47317
47321
47325
47329
47333
47337
47341
47345
47349
47353
47357
47361
47365
47369
47373
47377
47381
47385
47389
47393
47397
47401
47405
47409
47413
47417
47421
47425
47429
47433
47437
47441
47445
47449
47453
47457
47461
47465
47469
47473
47477
47481
47485
47489
47493
47497
47501
47505
47509
47513
47517
47521
47525
47529
47533
47537
47541
47545
47549
47553
47557
47561
47565
47569
47573
47577
47581
47585
47589
47593
47597
47601
47605
47609
47613
47617
47621
47625
47629
47633
47637
47641
47645
47649
47653
47657
47661
47665
47669
47673
47677
47681
47685
47689
47693
47697
47701
47705
47709
47713
47717
47721
47725
47729
47733
47737
47741
47745
47749
47753
47757
47761
47765
47769
47773
47777
47781
47785
47789
47793
47797
47801
47805
47809
47813
47817
47821
47825
47829
47833
47837
47841
47845
47849
47853
47857
47861
47865
47869
47873
47877
47881
47885
47889
47893
47897
47901
47905
47909
47913
47917
47921
47925
47929
47933
47937
47941
47945
47949
47953
47957
47961
47965
47969
47973
47977
47981
47985
47989
47993
47997
48001
48005
48009
48013
48017
48021
48025
48029
48033
48037
48041
48045
48049
48053
48057
48061
48065
48069
48073
48077
48081
48085
48089
48093
48097
48101
48105
48109
48113
48117
48121
48125
48129
48133
48137
48141
48145
48149
48153
48157
48161
48165
48169
48173
48177
48181
48185
48189
48193
48197
48201
48205
48209
48213
48217
48221
48225
48229
48233
48237
48241
48245
48249
48253
48257
48261
48265
48269
48273
48277
48281
48285
48289
48293
48297
48301
48305
48309
48313
48317
48321
48325
48329
48333
48337
48341
48345
48349
48353
48357
48361
48365
48369
48373
48377
48381
48385
48389
48393
48397
48401
48405
48409
48413
48417
48421
48425
48429
48433
48437
48441
48445
48449
48453
48457
48461
48465
48469
48473
48477
48481
48485
48489
48493
48497
48501
48505
48509
48513
48517
48521
48525
48529
48533
48537
48541
48545
48549
48553
48557
48561
48565
48569
48573
48577
48581
48585
48589
48593
48597
48601
48605
48609
48613
48617
48621
48625
48629
48633
48637
48641
48645
48649
48653
48657
48661
48665
48669
48673
48677
48681
48685
48689
48693
48697
48701
48705
48709
48713
48717
48721
48725
48729
48733
48737
48741
48745
48749
48753
48757
48761
48765
48769
48773
48777
48781
48785
48789
48793
48797
48801
48805
48809
48813
48817
48821
48825
48829
48833
48837
48841
48845
48849
48853
48857
48861
48865
48869
48873
48877
48881
48885
48889
48893
48897
48901
48905
48909
48913
48917
48921
48925
48929
48933
48937
48941
48945
48949
48953
48957
48961
48965
48969
48973
48977
48981
48985
48989
48993
48997
49001
49005
49009
49013
49017
49021
49025
49029
49033
49037
49041
49045
49049
49053
49057
49061
49065
49069
49073
49077
49081
49085
49089
49093
49097
49101
49105
49109
49113
49117
49121
49125
49129
49133
49137
49141
49145
49149
49153
49157
49161
49165
49169
49173
49177
49181
49185
49189
49193
49197
49201
49205
49209
49213
49217
49221
49225
49229
49233
49237
49241
49245
49249
49253
49257
49261
49265
49269
49273
49277
49281
49285
49289
49293
49297
49301
49305
49309
49313
49317
49321
49325
49329
49333
49337
49341
49345
49349
49353
49357
49361
49365
49369
49373
49377
49381
49385
49389
49393
49397
49401
49405
49409
49413
49417
49421
49425
49429
49433
49437
49441
49445
49449
49453
49457
49461
49465
49469
49473
49477
49481
49485
49489
49493
49497
49501
49505
49509
49513
49517
49521
49525
49529
49533
49537
49541
49545
49549
49553
49557
49561
49565
49569
49573
49577
49581
49585
49589
49593
49597
49601
49605
49609
49613
49617
49621
49625
49629
49633
49637
49641
49645
49649
49653
49657
49661
49665
49669
49673
49677
49681
49685
49689
49693
49697
49701
49705
49709
49713
49717
49721
49725
49729
49733
49737
49741
49745
49749
49753
49757
49761
49765
49769
49773
49777
49781
49785
49789
49793
49797
49801
49805
49809
49813
49817
49821
49825
49829
49833
49837
49841
49845
49849
49853
49857
49861
49865
49869
49873
49877
49881
49885
49889
49893
49897
49901
49905
49909
49913
49917
49921
49925
49929
49933
49937
49941
49945
49949
49953
49957
49961
49965
49969
49973
49977
49981
49985
49989
49993
49997
50001
50005
50009
50013
50017
50021
50025
50029
50033
50037
50041
50045
50049
50053
50057
50061
50065
50069
50073
50077
50081
50085
50089
50093
50097
50101
50105
50109
50113
50117
50121
50125
50129
50133
50137
50141
50145
50149
50153
50157
50161
50165
50169
50173
50177
50181
50185
50189
50193
50197
50201
50205
50209
50213
50217
50221
50225
50229
50233
50237
50241
50245
50249
50253
50257
50261
50265
50269
50273
50277
50281
50285
50289
50293
50297
50301
50305
50309
50313
50317
50321
50325
50329
50333
50337
50341
50345
50349
50353
50357
50361
50365
50369
50373
50377
50381
50385
50389
50393
50397
50401
50405
50409
50413
50417
50421
50425
50429
50433
50437
50441
50445
50449
50453
50457
50461
50465
50469
50473
50477
50481
50485
50489
50493
50497
50501
50505
50509
50513
50517
50521
50525
50529
50533
50537
50541
50545
50549
50553
50557
50561
50565
50569
50573
50577
50581
50585
50589
50593
50597
50601
50605
50609
50613
50617
50621
50625
50629
50633
50637
50641
50645
50649
50653
50657
50661
50665
50669
50673
50677
50681
50685
50689
50693
50697
50701
50705
50709
50713
50717
50721
50725
50729
50733
50737
50741
50745
50749
50753
50757
50761
50765
50769
50773
50777
50781
50785
50789
50793
50797
50801
50805
50809
50813
50817
50821
50825
50829
50833
50837
50841
50845
50849
50853
50857
50861
50865
50869
50873
50877
50881
50885
50889
50893
50897
50901
50905
50909
50913
50917
50921
50925
50929
50933
50937
50941
50945
50949
50953
50957
50961
50965
50969
50973
50977
50981
50985
50989
50993
50997
51001
51005
51009
51013
51017
51021
51025
51029
51033
51037
51041
51045
51049
51053
51057
51061
51065
51069
51073
51077
51081
51085
51089
51093
51097
51101
51105
51109
51113
51117
51121
51125
51129
51133
51137
51141
51145
51149
51153
51157
51161
51165
51169
51173
51177
51181
51185
51189
51193
51197
51201
51205
51209
51213
51217
51221
51225
51229
51233
51237
51241
51245
51249
51253
51257
51261
51265
51269
51273
51277
51281
51285
51289
51293
51297
51301
51305
51309
51313
51317
51321
51325
51329
51333
51337
51341
51345
51349
51353
51357
51361
51365
51369
51373
51377
51381
51385
51389
51393
51397
51401
51405
51409
51413
51417
51421
51425
51429
51433
51437
51441
51445
51449
51453
51457
51461
51465
51469
51473
51477
51481
51485
51489
51493
51497
51501
51505
51509
51513
51517
51521
51525
51529
51533
51537
51541
51545
51549
51553
51557
51561
51565
51569
51573
51577
51581
51585
51589
51593
51597
51601
51605
51609
51613
51617
51621
51625
51629
51633
51637
51641
51645
51649
51653
51657
51661
51665
51669
51673
51677
51681
51685
51689
51693
51697
51701
51705
51709
51713
51717
51721
51725
51729
51733
51737
51741
51745
51749
51753
51757
51761
51765
51769
51773
51777
51781
51785
51789
51793
51797
51801
51805
51809
51813
51817
51821
51825
51829
51833
51837
51841
51845
51849
51853
51857
51861
51865
51869
51873
51877
51881
51885
51889
51893
51897
51901
51905
51909
51913
51917
51921
51925
51929
51933
51937
51941
51945
51949
51953
51957
51961
51965
51969
51973
51977
51981
51985
51989
51993
51997
52001
52005
52009
52013
52017
52021
52025
52029
52033
52037
52041
52045
52049
52053
52057
52061
52065
52069
52073
52077
52081
52085
52089
52093
52097
52101
52105
52109
52113
52117
52121
52125
52129
52133
52137
52141
52145
52149
52153
52157
52161
52165
52169
52173
52177
52181
52185
52189
52193
52197
52201
52205
52209
52213
52217
52221
52225
52229
52233
52237
52241
52245
52249
52253
52257
52261
52265
52269
52273
52277
52281
52285
52289
52293
52297
52301
52305
52309
52313
52317
52321
52325
52329
52333
52337
52341
52345
52349
52353
52357
52361
52365
52369
52373
52377
52381
52385
52389
52393
52397
52401
52405
52409
52413
52417
52421
52425
52429
52433
52437
52441
52445
52449
52453
52457
52461
52465
52469
52473
52477
52481
52485
52489
52493
52497
52501
52505
52509
52513
52517
52521
52525
52529
52533
52537
52541
52545
52549
52553
52557
52561
52565
52569
52573
52577
52581
52585
52589
52593
52597
52601
52605
52609
52613
52617
52621
52625
52629
52633
52637
52641
52645
52649
52653
52657
52661
52665
52669
52673
52677
52681
52685
52689
52693
52697
52701
52705
52709
52713
52717
52721
52725
52729
52733
52737
52741
52745
52749
52753
52757
52761
52765
52769
52773
52777
52781
52785
52789
52793
52797
52801
52805
52809
52813
52817
52821
52825
52829
52833
52837
52841
52845
52849
52853
52857
52861
52865
52869
52873
52877
52881
52885
52889
52893
52897
52901
52905
52909
52913
52917
52921
52925
52929
52933
52937
52941
52945
52949
52953
52957
52961
52965
52969
52973
52977
52981
52985
52989
52993
52997
53001
53005
53009
53013
53017
53021
53025
53029
53033
53037
53041
53045
53049
53053
53057
53061
53065
53069
53073
53077
53081
53085
53089
53093
53097
53101
53105
53109
53113
53117
53121
53125
53129
53133
53137
53141
53145
53149
53153
53157
53161
53165
53169
53173
53177
53181
53185
53189
53193
53197
53201
53205
53209
53213
53217
53221
53225
53229
53233
53237
53241
53245
53249
53253
53257
53261
53265
53269
53273
53277
53281
53285
53289
53293
53297
53301
53305
53309
53313
53317
53321
53325
53329
53333
53337
53341
53345
53349
53353
53357
53361
53365
53369
53373
53377
53381
53385
53389
53393
53397
53401
53405
53409
53413
53417
53421
53425
53429
53433
53437
53441
53445
53449
53453
53457
53461
53465
53469
53473
53477
53481
53485
53489
53493
53497
53501
53505
53509
53513
53517
53521
53525
53529
53533
53537
53541
53545
53549
53553
53557
53561
53565
53569
53573
53577
53581
53585
53589
53593
53597
53601
53605
53609
53613
53617
53621
53625
53629
53633
53637
53641
53645
53649
53653
53657
53661
53665
53669
53673
53677
53681
53685
53689
53693
53697
53701
53705
53709
53713
53717
53721
53725
53729
53733
53737
53741
53745
53749
53753
53757
53761
53765
53769
53773
53777
53781
53785
53789
53793
53797
53801
53805
53809
53813
53817
53821
53825
53829
53833
53837
53841
53845
53849
53853
53857
53861
53865
53869
53873
53877
53881
53885
53889
53893
53897
53901
53905
53909
53913
53917
53921
53925
53929
53933
53937
53941
53945
53949
53953
53957
53961
53965
53969
53973
53977
53981
53985
53989
53993
53997
54001
54005
54009
54013
54017
54021
54025
54029
54033
54037
54041
54045
54049
54053
54057
54061
54065
54069
54073
54077
54081
54085
54089
54093
54097
54101
54105
54109
54113
54117
54121
54125
54129
54133
54137
54141
54145
54149
54153
54157
54161
54165
54169
54173
54177
54181
54185
54189
54193
54197
54201
54205
54209
54213
54217
54221
54225
54229
54233
54237
54241
54245
54249
54253
54257
54261
54265
54269
54273
54277
54281
54285
54289
54293
54297
54301
54305
54309
54313
54317
54321
54325
54329
54333
54337
54341
54345
54349
54353
54357
54361
54365
54369
54373
54377
54381
54385
54389
54393
54397
54401
54405
54409
54413
54417
54421
54425
54429
54433
54437
54441
54445
54449
54453
54457
54461
54465
54469
54473
54477
54481
54485
54489
54493
54497
54501
54505
54509
54513
54517
54521
54525
54529
54533
54537
54541
54545
54549
54553
54557
54561
54565
54569
54573
54577
54581
54585
54589
54593
54597
54601
54605
54609
54613
54617
54621
54625
54629
54633
54637
54641
54645
54649
54653
54657
54661
54665
54669
54673
54677
54681
54685
54689
54693
54697
54701
54705
54709
54713
54717
54721
54725
54729
54733
54737
54741
54745
54749
54753
54757
54761
54765
54769
54773
54777
54781
54785
54789
54793
54797
54801
54805
54809
54813
54817
54821
54825
54829
54833
54837
54841
54845
54849
54853
54857
54861
54865
54869
54873
54877
54881
54885
54889
54893
54897
54901
54905
54909
54913
54917
54921
54925
54929
54933
54937
54941
54945
54949
54953
54957
54961
54965
54969
54973
54977
54981
54985
54989
54993
54997
55001
55005
55009
55013
55017
55021
55025
55029
55033
55037
55041
55045
55049
55053
55057
55061
55065
55069
55073
55077
55081
55085
55089
55093
55097
55101
55105
55109
55113
55117
55121
55125
55129
55133
55137
55141
55145
55149
55153
55157
55161
55165
55169
55173
55177
55181
55185
55189
55193
55197
55201
55205
55209
55213
55217
55221
55225
55229
55233
55237
55241
55245
55249
55253
55257
55261
55265
55269
55273
55277
55281
55285
55289
55293
55297
55301
55305
55309
55313
55317
55321
55325
55329
55333
55337
55341
55345
55349
55353
55357
55361
55365
55369
55373
55377
55381
55385
55389
55393
55397
55401
55405
55409
55413
55417
55421
55425
55429
55433
55437
55441
55445
55449
55453
55457
55461
55465
55469
55473
55477
55481
55485
55489
55493
55497
55501
55505
55509
55513
55517
55521
55525
55529
55533
55537
55541
55545
55549
55553
55557
55561
55565
55569
55573
55577
55581
55585
55589
55593
55597
55601
55605
55609
55613
55617
55621
55625
55629
55633
55637
55641
55645
55649
55653
55657
55661
55665
55669
55673
55677
55681
55685
55689
55693
55697
55701
55705
55709
55713
55717
55721
55725
55729
55733
55737
55741
55745
55749
55753
55757
55761
55765
55769
55773
55777
55781
55785
55789
55793
55797
55801
55805
55809
55813
55817
55821
55825
55829
55833
55837
55841
55845
55849
55853
55857
55861
55865
55869
55873
55877
55881
55885
55889
55893
55897
55901
55905
55909
55913
55917
55921
55925
55929
55933
55937
55941
55945
55949
55953
55957
55961
55965
55969
55973
55977
55981
55985
55989
55993
55997
56001
56005
56009
56013
56017
56021
56025
56029
56033
56037
56041
56045
56049
56053
56057
56061
56065
56069
56073
56077
56081
56085
56089
56093
56097
56101
56105
56109
56113
56117
56121
56125
56129
56133
56137
56141
56145
56149
56153
56157
56161
56165
56169
56173
56177
56181
56185
56189
56193
56197
56201
56205
56209
56213
56217
56221
56225
56229
56233
56237
56241
56245
56249
56253
56257
56261
56265
56269
56273
56277
56281
56285
56289
56293
56297
56301
56305
56309
56313
56317
56321
56325
56329
56333
56337
56341
56345
56349
56353
56357
56361
56365
56369
56373
56377
56381
56385
56389
56393
56397
56401
56405
56409
56413
56417
56421
56425
56429
56433
56437
56441
56445
56449
56453
56457
56461
56465
56469
56473
56477
56481
56485
56489
56493
56497
56501
56505
56509
56513
56517
56521
56525
56529
56533
56537
56541
56545
56549
56553
56557
56561
56565
56569
56573
56577
56581
56585
56589
56593
56597
56601
56605
56609
56613
56617
56621
56625
56629
56633
56637
56641
56645
56649
56653
56657
56661
56665
56669
56673
56677
56681
56685
56689
56693
56697
56701
56705
56709
56713
56717
56721
56725
56729
56733
56737
56741
56745
56749
56753
56757
56761
56765
56769
56773
56777
56781
56785
56789
56793
56797
56801
56805
56809
56813
56817
56821
56825
56829
56833
56837
56841
56845
56849
56853
56857
56861
56865
56869
56873
56877
56881
56885
56889
56893
56897
56901
56905
56909
56913
56917
56921
56925
56929
56933
56937
56941
56945
56949
56953
56957
56961
56965
56969
56973
56977
56981
56985
56989
56993
56997
57001
57005
57009
57013
57017
57021
57025
57029
57033
57037
57041
57045
57049
57053
57057
57061
57065
57069
57073
57077
57081
57085
57089
57093
57097
57101
57105
57109
57113
57117
57121
57125
57129
57133
57137
57141
57145
57149
57153
57157
57161
57165
57169
57173
57177
57181
57185
57189
57193
57197
57201
57205
57209
57213
57217
57221
57225
57229
57233
57237
57241
57245
57249
57253
57257
57261
57265
57269
57273
57277
57281
57285
57289
57293
57297
57301
57305
57309
57313
57317
57321
57325
57329
57333
57337
57341
57345
57349
57353
57357
57361
57365
57369
57373
57377
57381
57385
57389
57393
57397
57401
57405
57409
57413
57417
57421
57425
57429
57433
57437
57441
57445
57449
57453
57457
57461
57465
57469
57473
57477
57481
57485
57489
57493
57497
57501
57505
57509
57513
57517
57521
57525
57529
57533
57537
57541
57545
57549
57553
57557
57561
57565
57569
57573
57577
57581
57585
57589
57593
57597
57601
57605
57609
57613
57617
57621
57625
57629
57633
57637
57641
57645
57649
57653
57657
57661
57665
57669
57673
57677
57681
57685
57689
57693
57697
57701
57705
57709
57713
57717
57721
57725
57729
57733
57737
57741
57745
57749
57753
57757
57761
57765
57769
57773
57777
57781
57785
57789
57793
57797
57801
57805
57809
57813
57817
57821
57825
57829
57833
57837
57841
57845
57849
57853
57857
57861
57865
57869
57873
57877
57881
57885
57889
57893
57897
57901
57905
57909
57913
57917
57921
57925
57929
57933
57937
57941
57945
57949
57953
57957
57961
57965
57969
57973
57977
57981
57985
57989
57993
57997
58001
58005
58009
58013
58017
58021
58025
58029
58033
58037
58041
58045
58049
58053
58057
58061
58065
58069
58073
58077
58081
58085
58089
58093
58097
58101
58105
58109
58113
58117
58121
58125
58129
58133
58137
58141
58145
58149
58153
58157
58161
58165
58169
58173
58177
58181
58185
58189
58193
58197
58201
58205
58209
58213
58217
58221
58225
58229
58233
58237
58241
58245
58249
58253
58257
58261
58265
58269
58273
58277
58281
58285
58289
58293
58297
58301
58305
58309
58313
58317
58321
58325
58329
58333
58337
58341
58345
58349
58353
58357
58361
58365
58369
58373
58377
58381
58385
58389
58393
58397
58401
58405
58409
58413
58417
58421
58425
58429
58433
58437
58441
58445
58449
58453
58457
58461
58465
58469
58473
58477
58481
58485
58489
58493
58497
58501
58505
58509
58513
58517
58521
58525
58529
58533
58537
58541
58545
58549
58553
58557
58561
58565
58569
58573
58577
58581
58585
58589
58593
58597
58601
58605
58609
58613
58617
58621
58625
58629
58633
58637
58641
58645
58649
58653
58657
58661
58665
58669
58673
58677
58681
58685
58689
58693
58697
58701
58705
58709
58713
58717
58721
58725
58729
58733
58737
58741
58745
58749
58753
58757
58761
58765
58769
58773
58777
58781
58785
58789
58793
58797
58801
58805
58809
58813
58817
58821
58825
58829
58833
58837
58841
58845
58849
58853
58857
58861
58865
58869
58873
58877
58881
58885
58889
58893
58897
58901
58905
58909
58913
58917
58921
58925
58929
58933
58937
58941
58945
58949
58953
58957
58961
58965
58969
58973
58977
58981
58985
58989
58993
58997
59001
59005
59009
59013
59017
59021
59025
59029
59033
59037
59041
59045
59049
59053
59057
59061
59065
59069
59073
59077
59081
59085
59089
59093
59097
59101
59105
59109
59113
59117
59121
59125
59129
59133
59137
59141
59145
59149
59153
59157
59161
59165
59169
59173
59177
59181
59185
59189
59193
59197
59201
59205
59209
59213
59217
59221
59225
59229
59233
59237
59241
59245
59249
59253
59257
59261
59265
59269
59273
59277
59281
59285
59289
59293
59297
59301
59305
59309
59313
59317
59321
59325
59329
59333
59337
59341
59345
59349
59353
59357
59361
59365
59369
59373
59377
59381
59385
59389
59393
59397
59401
59405
59409
59413
59417
59421
59425
59429
59433
59437
59441
59445
59449
59453
59457
59461
59465
59469
59473
59477
59481
59485
59489
59493
59497
59501
59505
59509
59513
59517
59521
59525
59529
59533
59537
59541
59545
59549
59553
59557
59561
59565
59569
59573
59577
59581
59585
59589
59593
59597
59601
59605
59609
59613
59617
59621
59625
59629
59633
59637
59641
59645
59649
59653
59657
59661
59665
59669
59673
59677
59681
59685
59689
59693
59697
59701
59705
59709
59713
59717
59721
59725
59729
59733
59737
59741
59745
59749
59753
59757
59761
59765
59769
59773
59777
59781
59785
59789
59793
59797
59801
59805
59809
59813
59817
59821
59825
59829
59833
59837
59841
59845
59849
59853
59857
59861
59865
59869
59873
59877
59881
59885
59889
59893
59897
59901
59905
59909
59913
59917
59921
59925
59929
59933
59937
59941
59945
59949
59953
59957
59961
59965
59969
59973
59977
59981
59985
59989
59993
59997
60001
60005
60009
60013
60017
60021
60025
60029
60033
60037
60041
60045
60049
60053
60057
60061
60065
60069
60073
60077
60081
60085
60089
60093
60097
60101
60105
60109
60113
60117
60121
60125
60129
60133
60137
60141
60145
60149
60153
60157
60161
60165
60169
60173
60177
60181
60185
60189
60193
60197
60201
60205
60209
60213
60217
60221
60225
60229
60233
60237
60241
60245
60249
60253
60257
60261
60265
60269
60273
60277
60281
60285
60289
60293
60297
60301
60305
60309
60313
60317
60321
60325
60329
60333
60337
60341
60345
60349
60353
60357
60361
60365
60369
60373
60377
60381
60385
60389
60393
60397
60401
60405
60409
60413
60417
60421
60425
60429
60433
60437
60441
60445
60449
60453
60457
60461
60465
60469
60473
60477
60481
60485
60489
60493
60497
60501
60505
60509
60513
60517
60521
60525
60529
60533
60537