12426
1626
13153
3544
21244
23138
622
18305
6352
31423
27921
16554
11616
15151
13983
13221
5319
13873
23342
2428
15351
27845
16459
6103
20230
4979
24048
30240
18889
12430
29616
11750
30372
28602
7733
19071
20384
20140
24812
3058
30142
1841
30719
16660
12940
23154
1668
3312
14325
8566
29940
7020
4701
18152
5086
2346
238
3611
22236
685
10284
19275
15303
24253
21200
28966
12839
14348
13523
6026
5869
18969
25801
24465
6245
5461
32624
22731
5734
3717
10633
19402
21196
23911
25574
3556
1575
28312
26053
16948
11445
23733
29020
11234
8078
29888
22197
30116
19999
22982
6332
4741
11225
3007
26775
7142
9770
21942
27445
20674
13997
26410
32042
6710
26014
7347
26810
14656
20624
15337
16947
455
2402
9857
24193
18139
24943
18617
6140
23615
29957
18167
21892
20772
2841
11948
2000
18488
7480
11903
4355
4319
7105
6568
19072
26048
16978
15001
7424
29828
4224
14564
24290
4826
15051
5721
27842
17599
10192
1902
12364
30716
19905
10981
2386
6384
1043
25768
19741
25743
7542
24568
20481
7083
24074
31942
11572
31603
8656
11361
16609
7993
18271
338
2167
12152
13016
30340
23879
533
32027
12713
15694
4069
9019
17624
5711
25456
18992
13179
18214
25844
27340
15976
19288
10157
31217
15182
17646
7252
24832
31571
22660
19686
23188
1275
3997
1446
1905
9548
13625
3941
20407
7216
24746
24321
25692
26650
8867
24108
29912
29932
2194
12654
27938
12825
27183
8045
20444
21510
13653
32109
202
17591
11282
17683
5001
1959
18682
14190
29310
5367
15808
12600
29196
28619
16391
5208
9226
31730
6261
27308
32628
22213
10249
9734
12384
14161
22447
8564
9268
6584
9746
18373
9751
14804
18354
840
8101
8478
3382
23255
20967
19406
1027
24596
6786
10564
1293
21235
6446
31655
9709
7801
18794
23244
16437
4803
25711
24153
768
73
8034
13098
17101
6244
6605
8179
31629
14094
4176
15655
14586
31209
10132
25625
22827
18564
25473
6498
23909
12761
7857
30338
15669
17178
5668
22218
28603
15277
23861
19321
8009
17013
19916
6949
15149
83
18646
20572
23498
17388
23282
7052
11502
4781
6509
3104
21087
19213
19313
25836
31415
15378
13177
4043
5234
22039
3336
29830
22854
22732
4763
14072
9139
8830
8156
8304
17114
1177
17432
14423
16530
16747
22771
20499
19897
5930
29019
1578
18632
31801
13498
1195
4778
28839
31344
32458
9679
2297
14720
12746
9084
5673
8329
27936
19301
3822
27129
26069
4477
7742
16509
22828
17933
31505
18364
17029
1027
28009
7492
10369
22925
9359
26052
17767
24295
17055
14973
3782
12146
16710
2803
24668
30981
5067
18152
20023
5511
10828
25738
25114
25278
14923
5868
18466
19554
28777
18611
11945
15478
28528
12050
23915
26072
16535
2296
18407
7446
6402
24199
7945
13187
6281
21705
9733
2186
26042
27038
20102
17731
19233
11257
24584
30276
14791
17484
11906
30650
21752
24897
9289
26552
27465
23723
9009
4814
218
11452
245
3806
20185
30072
8921
30763
23623
20073
31885
1203
5119
4245
30293
25023
31732
16557
32359
4024
29114
27015
18836
12348
4168
31438
1835
31345
8956
32761
3099
18841
18911
17273
14679
31207
13099
12855
8575
1937
3594
4925
12732
9255
6817
26547
25068
13859
31565
1806
12287
30401
11052
19332
27296
8721
15840
25283
3864
27978
19599
5858
15984
14177
13358
9112
3542
10202
2304
27564
13891
12255
25433
8876
26458
8591
27048
16098
16786
20888
15284
18308
15255
30472
8998
21291
30446
15712
11592
19078
18392
15594
4620
17232
29818
19789
3152
1919
28474
26207
1888
7359
4204
826
17853
24606
4910
15250
25885
2569
22928
1862
25522
11895
15353
24628
2735
3428
26566
13906
25097
18305
4403
27131
4474
19242
31871
16518
21196
3480
8779
1821
22868
25688
29508
22476
21181
4859
32513
13529
25863
24848
558
28244
19918
19535
8171
1518
1744
11031
19055
1295
5034
21275
7921
31010
23778
6232
14536
2612
15402
14410
16337
24509
7651
1375
13841
18365
23521
26284
18587
21515
13678
32734
10164
25066
2193
5492
10806
16350
12432
300
16434
26046
11699
19131
30937
29449
31307
14529
8093
26493
12531
28156
13459
18918
26646
26300
17436
12597
26289
27287
25028
25553
5722
18013
19050
306
22146
25167
29090
27051
5367
2187
32343
22663
20396
28619
31413
25688
25533
24143
15173
22924
19886
31000
16730
9025
16116
4951
7341
13915
11446
4645
4164
13011
15316
14452
32408
12113
11817
28486
24822
25342
13581
24093
20006
8595
19742
26546
21579
23991
1857
24297
10762
9607
25315
2053
31470
19830
7557
14872
21259
15703
7031
13502
28130
5048
19939
32267
27781
4978
14862
23746
14076
3966
1499
17096
3302
18698
11665
15320
2403
29644
18141
13431
7730
21655
29979
11563
18967
11820
29393
11752
3712
28754
21628
3531
26727
23849
26768
25355
20602
6331
22714
12076
1658
22228
28776
7029
11233
6932
11403
22949
29127
16194
30875
31970
24070
13283
15580
24306
27549
12043
8673
26029
2642
15732
11598
15538
16796
27085
7138
22362
31423
28244
7348
20202
13881
9383
20924
28941
12381
10199
14742
4737
14654
23743
26243
31248
17358
21652
9905
30658
28743
15805
444
31825
5578
22244
12148
17629
3910
6221
27617
28385
20380
1894
19588
2150
257
26784
31456
28790
13219
17278
30777
7124
24463
27883
20124
4586
15826
3025
21279
13827
15582
19431
23914
12474
5168
13003
6262
3506
15152
19280
20629
24968
18265
6937
25267
3078
30105
5735
12507
27290
25339
1583
16381
3846
14467
5232
25326
20056
20057
29379
5808
15389
2603
20276
29684
26066
31948
2896
23005
25243
801
27007
13831
2872
28221
9364
3528
28212
30411
9635
11445
21599
32684
19474
7272
27007
27618
31731
18817
23875
2989
26257
31211
4216
25843
16713
30817
8831
23269
24220
6448
29439
30944
23938
31806
27607
25745
25344
12363
10071
15197
4604
7031
18095
24320
13649
19716
3239
30068
20511
7262
4241
8212
2148
14680
7548
11777
8145
4537
4523
19909
28374
12279
21062
566
5632
30530
10062
24221
22916
24772
5078
19992
23324
7720
32369
27197
9745
17753
15847
9472
16793
27020
24108
18903
15716
17792
12690
6684
27762
23300
573
2226
16935
11195
30679
22763
1441
28444
1414
9385
20297
27068
29723
3524
1192
18896
23693
7852
18045
11501
9893
7760
1292
13075
24570
23358
11960
17130
32544
12811
11476
25419
26397
21237
8887
19970
16156
2759
8974
8147
29286
4861
20343
18875
27789
11561
5707
10103
26090
3477
698
24395
21578
22826
21278
28412
21477
14992
18825
2590
7312
21143
27296
11670
22323
2006
7853
3159
26492
31122
26863
14703
32213
6625
10549
13127
1428
13070
7083
13350
17266
23616
2803
27640
14399
8535
26743
1870
7124
25111
16126
10149
1096
11400
13182
12523
3431
5788
2097
4159
5215
23315
21995
24569
23485
15772
28587
3306
11160
31293
9328
24805
16908
17396
21326
5757
10219
5791
1472
23057
15790
24601
1088
23558
5298
17574
6421
22612
26785
657
30061
14148
19757
14611
27819
11128
25605
5751
31234
28971
12033
12668
17475
4794
21152
4603
5107
22115
23733
11465
28577
14669
25437
22239
21110
7113
4148
29624
12558
728
27593
25339
16518
4845
32079
29018
13271
10228
4757
20666
25442
11922
17464
23444
4812
8879
2583
10139
18699
22322
29703
11167
28353
27403
23240
31921
9929
3959
7480
26248
5392
895
15815
25379
1959
26818
29739
13744
13846
21877
1877
11437
2802
18344
931
20301
11186
24011
8535
31261
12990
30832
28488
12007
20425
10579
5591
7126
16993
5015
17957
7644
25284
8530
10627
16977
11510
12876
25898
3037
528
10244
1581
32407
5083
29428
27051
14190
11933
1302
30025
4809
21811
19879
13279
9834
25440
8747
10866
4760
10853
14513
31075
28285
15314
5976
7653
21453
22171
7442
26548
19880
10862
1960
30469
11970
25924
6911
22200
4801
16183
19865
1749
3814
30867
7774
2870
22000
32303
30621
21121
21309
10238
17230
2394
307
17889
5274
11734
32478
28351
2717
30514
10458
17880
20586
26053
14708
10838
24143
3891
13324
1317
24667
31460
8126
10501
26142
8884
21825
30942
16304
27628
25614
18515
11253
11378
21189
10905
15390
4156
16077
9098
4211
29450
7995
28405
21072
597
12022
21049
3950
15234
16920
11282
23140
6748
2711
14002
21614
3009
4132
12308
1132
30875
24403
23693
7982
32019
13309
6052
9454
8193
8931
26403
30750
7846
1683
17518
20837
8349
13200
4116
13540
26639
14253
25508
19645
21031
10426
13762
19670
15301
18018
1145
17370
7799
29524
31187
32129
31141
18849
16039
23058
23563
20069
28595
16166
8556
2218
26858
1454
14469
32649
23311
2359
1345
25490
24451
15469
13099
26479
32348
26334
3112
3011
23222
28673
10086
25176
31054
23415
1168
3194
21837
23184
26436
30878
14177
5905
1734
9032
786
6965
26102
24363
28244
31473
26495
26769
22360
8828
29266
18429
11432
28175
14931
18447
7027
28394
337
681
30757
407
25660
18768
5435
6514
2194
27861
31830
25961
15899
10292
15758
12801
26838
12988
18696
11417
18227
15728
1739
27635
26754
24494
8399
25072
26540
14094
13143
6811
15905
16013
22401
27753
17169
8427
15388
32192
10975
2641
16569
17333
6867
15671
18181
24090
9487
28293
11862
29880
16580
11512
11651
31193
4773
22472
32505
30218
6556
26760
4875
16670
5052
5197
15498
19574
12152
2066
2966
25216
23826
17499
19123
32638
21590
23577
21024
10121
8839
6862
9572
24021
21658
22001
3881
8502
4514
28052
12109
4579
14732
16452
12087
9339
23564
5681
4199
1605
7127
18319
18769
5820
21011
8763
9324
6731
1547
21154
5510
2645
3368
21471
31066
9848
26397
11043
29540
11027
10849
29274
24052
20741
5346
30219
130
31416
5368
27264
65
12895
24215
31784
16118
23931
24778
16185
7179
18852
12124
17049
19423
30342
13528
18943
14689
16682
16565
29526
9693
21623
17866
19298
31510
760
23816
5541
916
28127
24679
19332
32063
7498
12833
5798
14893
28102
1055
19101
17337
30481
13232
8648
13269
20517
3457
16759
14497
21617
3530
18769
30268
20074
28869
29171
15065
11074
10084
32474
14614
7159
1091
1923
15498
18320
13532
23504
3229
29348
23290
1966
29085
16411
23152
14837
4110
28472
12042
4752
3649
15064
24260
7133
14376
15860
23610
29526
5480
365
28000
25970
9648
5897
27251
198
14153
26040
26927
25712
3055
2845
10307
19893
16352
30281
20226
10473
10034
8138
21851
10639
5481
740
10251
11714
17225
15390
23825
28884
18153
28929
3170
20788
21001
25884
8415
11669
10917
24651
13700
7500
4555
19001
21218
2042
3241
7972
8399
24684
17386
8672
24668
1727
27971
28447
16903
5576
29512
21999
27698
8115
20357
6532
17876
7657
19146
56
22895
6200
6086
21456
25666
18222
31703
14081
26047
13765
31265
29747
17215
9798
13534
10628
21493
15975
30964
30224
26912
16054
10189
3184
9861
18747
29539
20096
16157
31577
8346
22117
27147
24310
17363
4303
9168
30428
11198
19580
4034
27230
28271
25342
3515
5182
19637
24253
22542
30926
24487
16959
15807
26454
17535
21671
19699
19126
15020
6012
421
27980
26658
18860
19611
13336
14325
7121
1688
5406
1830
31154
9172
19724
5053
3341
15273
6173
25111
23956
14479
29245
3202
12853
17482
8814
12551
6046
17506
5482
29063
12289
31444
19338
14858
12308
7943
24038
16723
11613
769
24254
30648
8620
6363
6425
22576
18409
27762
29611
20398
13839
25952
31484
11949
22649
25899
22215
22796
12893
5563
11936
10269
1942
31762
16858
13049
21414
9015
13992
28950
12795
29555
25730
27419
7025
2496
7627
28146
7449
9087
15536
29727
27705
29289
30547
14673
31635
27848
16169
11319
30186
28135
12192
12949
16835
15047
20486
29591
29289
16147
11430
7269
18995
5718
2868
21239
12809
13676
15979
19243
18981
18487
23796
12821
30743
6035
24458
25494
5644
2955
27228
7728
10063
7629
17842
10520
13840
20571
18900
8333
15973
31876
16936
23657
19086
3603
2970
9462
9341
32454
29248
10754
16534
9729
4670
28726
17843
12484
16360
10403
22123
21979
15143
9886
32660
6740
12830
26574
28678
14902
22285
25219
23970
2416
3445
3657
15251
24848
29309
23230
9684
27829
17556
2208
9714
27719
28248
6442
13588
15845
14518
18337
7992
17439
26707
16682
11199
31846
18987
3806
12076
22976
29561
26144
27177
14273
14550
21294
22987
31158
8356
29175
23830
10787
21677
10541
21444
11888
22280
7066
6722
25311
32317
17335
1788
12993
31912
13200
1581
27340
19724
1888
14479
3431
16054
18875
13099
13540
13841
21200
28244
21617
15316
23485
4116
15671
16569
7446
9341
28374
21154
1806
7846
28726
9019
27789
15151
9255
26912
14479
17335
13179
14497
5492
23956
26066
17880
9019
9172
27789
11510
20226
8145
27129
24199
27848
13540
26768
7025
728
7341
27921
17013
3528
12732
25311
12558
24772
14720
5481
19233
26397
16580
13179
15182
28212
11820
4757
31473
30750
21444
26547
14893
13831
14190
26069
21515
29428
23615
21200
28587
6722
444
1862
1888
26207
10157
22916
11257
31565
4116
25456
3306
21837
2759
13099
5788
18181
4910
15694
11510
28102
32192
14161
4069
12426
13324
12384
30878
1862
15388
18992
3306
15388
1937
5820
31635
26639
21837
7449
32478
4925
25885
14708
27308
9032
1658
3822
24199
12876
18969
16580
6281
22916
17482
13534
2193
15669
8349
6731
32317
2297
14348
31825
10164
3306
8931
4951
12746
1830
24465
12287
13269
1658
13915
25243
17482
19301
5734
21677
10307
17013
3037
26053
27340
257
9324
6965
21617
4355
2186
25355
2186
21200
2845
11817
14893
24090
6867
12279
29727
9848
25284
1626
3594
1626
1734
31217
15694
22218
29428
25068
22916
15536
1658
5078
5673
8530
32624
21628
25885
29393
257
31703
4069
23138
5788
9848
1375
16554
6281
18167
2186
26639
28221
30338
29957
3544
12876
13200
32478
3717
8931
9268
25111
15975
13011
444
10403
13200
22731
32628
24465
27936
20517
2150
14253
16759
12426
16554
23956
11862
25885
2097
27848
20602
13523
19233
1547
10251
30547
1734
16054
740
26768
24199
19916
21237
17843
19321
26768
26403
8145
30878
5053
6402
22714
27848
29286
26053
25284
15143
11714
11510
20586
14081
9679
10164
11752
22213
10164
13678
29175
6281
20666
29727
21628
17889
5869
28146
27340
19724
27705
2297
10838
13915
17624
28587
16352
3037
9487
20102
25068
10787
14161
29289
24772
11820
18769
9733
13983
27617
4164
12853
23485
28102
4778
25885
5820
29175
3037
10228
1937
8575
25339
11446
26042
21011
28212
13765
27308
7651
4670
13232
32734
12484
6261
17629
28212
27340
15975
21062
17482
5461
13765
26066
21677
19909
5215
801
2297
20602
23485
8974
22714
31825
28102
13540
11561
7945
19233
12287
25111
13915
2186
13153
26403
4778
19893
31825
19101
6221
3822
7025
28587
4159
4164
1658
18167
10307
7449
22928
13269
801
18969
26042
1830
18214
24569
17853
4910
8145
2186
801
27308
8974
14720
18214
9454
29428
13182
32478
15669
13099
13983
16054
29175
3055
29289
25442
16391
29747
6281
1862
28839
11895
6867
30481
26436
28212
18365
16569
5510
23184
15671
8887
12279
20772
17843
11043
8329
21995
32458
28754
3457
32624
23138
25844
23184
26066
5869
31948
21244
5668
740
22244
24221
23315
11043
14177
25522
12384
27340
31730
26102
26769
25419
10157
31912
31265
24465
7446
1734
13534
8575
28385
12113
30878
1894
18969
1683
28754
2845
10628
18305
31066
2759
10249
32408
25885
20517
31635
13271
11446
13841
24465
3531
6052
16054
20380
8009
19321
3891
7857
22123
15536
1581
12426
13153
24143
17843
8145
2872
6568
16569
5673
15143
11257
20586
11752
29245
9268
22731
24465
5461
21154
622
23444
21237
12076
10228
2841
7857
19101
15353
10251
6221
5083
3891
14673
12279
10307
29747
11862
14348
10228
10473
27617
18992
25898
4355
1581
2641
19233
5711
6568
23444
10228
11922
13859
26768
3717
4670
17178
24221
6026
32628
30964
22123
1806
9255
25243
32317
20586
13534
28351
27705
12113
11734
14081
7341
20380
12746
8648
31423
19916
30338
8974
13200
444
13983
26042
5820
19588
15388
444
24584
15671
6965
5788
6173
21154
27419
4910
6584
32624
9734
13182
21892
1658
19301
28385
31912
6731
17337
4951
26727
18488
3341
20602
9733
30530
10307
5734
26047
26769
11257
7025
10754
31730
12761
4861
19321
28212
18875
8648
14720
26066
26066
4910
32624
9734
7105
20343
28102
8009
26042
13841
28146
5215
444
28839
28244
801
23830
1055
2896
28244
9733
28486
14177
3717
2841
5734
31730
20102
27617
31473
21851
9324
31423
31344
21851
26403
13099
5734
5208
17518
1658
23615
25885
31473
2150
1626
28966
12279
9172
5734
14893
27051
21244
11714
11948
30481
31293
28102
1734
17629
4757
7359
24199
27007
23315
18488
9087
26727
32734
23849
8648
14081
17464
11510
5083
32628
20772
17853
26495
25885
14190
27705
24143
22447
11817
15151
17624
19321
5668
31912
3822
29727
26768
11895
18992
3910
826
4204
26284
32734
826
2896
19288
18769
3891
21628
2759
31423
5734
9019
25442
15151
11160
14673
7945
27051
23485
21200
11752
28221
28966
5492
11160
18969
26397
18305
14190
18488
4670
17880
2097
16534
7846
3037
6173
29245
4670
12113
9226
17482
29684
2496
9226
13011
786
27129
14452
4116
11752
31293
32317
22916
2645
5869
18167
28244
15694
2186
28374
4164
9487
4537
3037
26207
23315
31066
20276
32408
9025
29175
21892
27848
21444
740
21515
26066
4159
21515
27936
27051
9268
30878
566
5215
17629
14893
16569
24584
15316
22218
26912
15671
3712
7846
7066
19101
15805
13678
25284
6965
31344
23861
19970
26769
9324
26547
32079
14348
4319
29393
29428
8009
30514
31730
12853
444
13324
16352
10473
24569
8814
24143
19909
12839
15976
5078
13540
25243
25885
5668
26639
16360
23521
26066
15151
32734
8887
1375
29747
7945
9032
2496
2645
17464
9019
7066
30281
12148
5078
8138
24606
27419
14708
7025
24772
28102
8349
21011
7446
21011
3457
4116
4523
13200
23615
11043
6731
27007
28486
24772
25442
9487
3528
18167
12148
3306
32734
23956
18587
14452
10244
25801
30530
11895
21444
28293
28351
15975
2186
14479
10244
29880
15975
19101
23521
16169
11895
8147
28754
6584
12484
1055
26403
15388
30481
32408
3202
24822
30514
3717
10403
21995
24465
18214
24606
6722
29747
11446
7105
9032
25442
10838
10806
3055
17624
26047
5734
6402
7341
24090
32454
18488
19992
24090
11510
12853
17518
7627
19724
29880
21617
28966
16759
15671
17629
7359
11948
29245
26436
12876
12279
24584
1830
3712
25355
21244
4861
10307
7449
17880
7480
10473
28603
25522
29018
25066
18365
26768
11922
7359
28351
1830
18214
6352
19588
31207
10034
25522
14177
32408
4645
2641
15694
21493
14479
7449
1375
11714
10838
27921
19101
11862
20517
3368
10157
26066
6221
16391
17731
12853
5078
8530
9729
27051
10806
4116
25111
17843
17215
7359
16977
6402
12732
27007
13271
11476
19893
32407
6140
20102
4861
3712
31912
2097
27617
16554
27617
8193
14708
6584
23521
23444
31154
26727
23615
23615
9487
5711
1547
5461
10244
31423
27051
28146
28486
19288
6261
20586
11752
1862
27936
16580
8931
826
7651
26053
6402
25419
13187
8887
27007
31154
622
9734
26769
9848
29880
6140
16391
6722
15182
1658
26102
20837
22447
11257
14348
25243
1894
8009
2845
13099
24363
7359
14161
7846
23615
6026
14161
17333
22218
16391
801
28486
9733
32192
15805
22928
30338
10307
10639
31825
8147
25068
24584
12484
622
32079
17013
26495
17518
8887
17215
16116
2000
12076
10062
14081
18214
2193
19588
27051
15316
19916
16054
10157
444
1626
32624
25801
27936
28966
728
18214
13983
13831
18769
2841
8931
17337
21705
26495
728
32079
13200
16534
22928
24465
6965
14497
31473
15772
29175
2717
31948
7846
2569
32628
15772
26069
5461
10838
16554
21244
13200
9226
5668
24509
3910
10975
32317
31207
5711
13200
1806
16759
5869
16352
3202
9848
9025
31703
6965
6281
22447
21011
28587
26207
27848
10787
22731
21444
13915
12761
22714
31948
31154
5673
11948
3037
3457
15277
24606
19893
23909
11820
8974
14161
4778
4164
31154
4537
566
10754
31825
2896
2645
1894
13859
6261
22244
20586
3055
10062
8145
22447
528
32079
4861
12148
22928
528
13153
28966
24772
13765
11752
31730
12279
12993
14893
26284
16569
31473
4845
29684
8931
15388
6949
25442
16759
10639
28146
8193
14452
3531
23849
786
11446
27308
9025
19588
23956
23861
3037
10627
22280
5673
9019
4116
3055
31565
15694
18214
22916
13831
16569
1806
32192
9226
6281
6965
26436
28221
27308
5869
32079
27419
12523
20380
16360
6221
6965
25355
25355
4845
32192
4159
5083
31565
4910
1937
26397
2150
17215
19970
8530
17013
28385
17337
21062
7446
826
31066
28603
24143
12761
1862
17843
26436
9087
11817
9226
11948
11895
29248
7449
5274
28726
12839
6731
25111
14452
30878
31423
20602
20102
6173
22447
26047
15388
30547
15277
21892
2297
8009
6731
29286
26495
3528
11817
7627
12993
22213
9226
28385
801
13099
12839
25898
7341
31703
15316
15805
15669
7446
18181
23485
22280
18167
16518
13983
19916
6245
26436
15669
25522
2496
8193
786
3341
28966
25885
25068
15388
28102
16569
15277
14673
30547
2645
12113
5083
28603
15388
11512
23861
11510
32478
29747
1375
13915
9172
26053
16759
18488
2569
1581
801
25243
21062
13099
2150
6568
1734
7627
12876
2496
6949
18875
6026
12384
30878
15976
24090
9454
8763
27936
12732
5668
9172
21011
3544
17889
10838
27129
5208
4951
10473
14673
25311
11512
13678
10639
15805
6568
25311
12523
12876
32478
27936
13859
10228
19970
15536
28293
7341
16518
10628
26639
10307
14190
19916
14161
32458
6949
9848
8931
14720
21493
11510
15669
29880
2297
5053
13182
4845
6245
6568
11895
9084
24221
23615
17889
2845
2297
12993
8887
728
528
21493
31293
10307
21705
11512
801
13200
21851
21851
23444
5788
3202
25243
23956
18488
26047
27129
18305
3544
8974
24772
9172
11446
5788
13271
10806
4159
26047
27848
26069
15151
11888
26069
2717
17889
16352
27936
27051
8530
17843
14497
3202
4778
19588
1683
31730
17215
15976
31912
21515
5578
11476
15976
21062
16156
26066
25111
16977
15151
16977
4951
7857
31473
4645
26769
32734
15669
8530
5481
25801
9848
3712
8009
15694
5905
10034
7105
10062
6331
30547
10806
15976
22123
15772
29393
15388
23184
28839
21493
24199
21200
4069
15353
22218
32734
31912
21011
12279
17215
28754
26042
13540
15316
444
13153
2297
18488
29248
10541
11888
27593
13269
9798
566
6817
6052
12732
21493
24822
27007
30750
17629
29727
19909
24822
8887
3202
4757
26207
28212
17464
17629
13200
16534
11903
14479
16569
11734
3341
4925
4778
6584
32192
26053
26495
5869
27789
21515
5668
10062
5632
1806
23615
15273
20380
31825
528
3544
11903
11895
11734
10157
19101
5078
8138
5510
3822
22213
1894
30411
9226
32407
7480
22731
26436
29289
24772
27419
11446
32407
20772
21851
21237
27936
26727
29289
10307
23138
4845
12484
27848
5053
14253
21493
5492
29747
15975
11160
12148
13221
12523
31730
21628
26727
28385
2186
10639
25284
32408
24363
22280
12426
1894
12523
2872
15316
11895
26042
7449
16534
10164
30338
3717
5788
14893
24772
1683
7359
30530
24584
30547
15975
4355
17880
20586
19970
8147
5510
10541
30338
9462
13182
27921
13182
17624
20226
8763
25522
31217
22731
17335
14452
28374
7449
16518
10541
30964
257
1734
5734
30964
8575
8147
31948
16518
23005
12279
14452
27129
14720
566
4861
13915
18305
30514
10975
32478
13841
26727
9226
31293
8564
10251
29245
25801
6352
5869
12076
25068
21062
13765
27419
28293
5788
26284
19916
1626
10627
1830
14081
28102
21995
27038
7857
31207
9255
19970
23444
19724
24584
26912
28212
14479
23184
14177
9454
29428
9324
29428
10062
3341
5461
21444
12761
11257
19970
15277
30281
30547
21995
31948
9025
15976
3910
2759
15151
28293
30964
9848
3891
25066
24199
15182
25885
17215
26397
17629
7341
31565
29175
14081
8145
31730
22280
5215
24569
31217
18167
27936
11043
25068
31565
32628
11043
19909
14497
9679
29018
19588
6722
18214
29727
7449
28374
11510
13859
28244
13232
13859
27340
31293
9729
8138
11948
5481
6052
9364
24822
26397
30878
15669
30281
13271
26547
728
566
9454
25522
20586
1547
30411
5673
4116
10754
2841
13540
13841
30411
24199
4925
13983
3306
20343
28212
27129
5632
23849
9462
6140
25066
7857
24584
25068
11895
15975
23315
28244
15805
5734
28146
21837
29957
5632
10627
4069
24363
15671
21444
6731
13831
11734
8329
10754
30481
3368
10251
6352
25355
6052
17013
15316
21154
9733
3822
26547
14348
1581
11922
31217
9341
444
2186
21837
22244
17889
26912
8530
6731
29393
13523
9172
7359
14177
10164
29747
24569
13841
16054
16169
5869
5461
6402
23184
27617
23849
801
26727
6331
18769
4951
31703
29248
9019
26207
11476
826
11476
21892
1055
18488
29245
18167
7857
11510
26639
16054
27921
32454
18769
10628
16360
31730
29684
19909
13983
4757
12853
2896
22928
4778
13153
10806
20602
30224
14479
7846
13831
10244
24584
10639
10251
7446
26397
5510
3306
23005
32734
12558
20102
13271
6281
12876
8763
21851
27936
3368
9487
29175
24822
4355
1806
21154
15277
3306
16352
21995
16391
29393
3712
3202
12279
19233
20380
6402
27419
17731
29286
19588
1830
26403
18769
8193
3822
27617
444
19724
26069
8145
28293
9087
13523
10473
6352
29289
10251
19909
7846
20602
5083
6722
30514
13523
32408
9341
8193
4845
16759
2186
29957
12876
32628
7449
15805
20517
18769
7105
4861
19970
10034
9364
27617
7857
3037
11922
32192
1626
17843
18214
7066
10806
7846
5215
25844
23485
27007
3717
26547
8575
18587
26047
13540
16518
24606
29286
12279
5711
8887
31635
23861
26768
16360
2841
16580
1788
19233
1547
4778
31265
6140
9087
6402
11862
13179
12558
18992
26284
10754
6949
22714
5053
25311
16352
8575
28754
10249
26547
17333
1862
19909
28244
11888
1734
10787
14720
21200
31217
17889
32734
17464
20517
3822
5053
29286
30530
21705
6949
19909
8814
566
26768
9454
11820
26639
18365
12113
8349
2496
24822
27617
5632
1937
6731
622
6281
9324
9679
13678
17482
22280
9454
16977
13200
10473
29286
32408
31912
3202
29245
10244
8564
27340
11446
12287
5492
10639
11616
16169
8145
12076
13182
26768
1888
8814
16054
7627
10157
26102
29727
16169
21244
12484
2641
23315
3055
4670
14893
14497
17178
11820
29880
15353
10228
2097
19321
16054
6867
801
18167
21628
12076
19101
6026
31635
8814
22123
4951
6867
11948
26053
28293
3368
20517
1055
28726
29957
21200
21892
11257
18365
13915
23485
22928
16169
14161
30224
31948
10228
9019
14673
12761
1547
4861
14479
25898
11862
27705
16156
21444
25456
14452
12993
21237
826
23138
5668
26042
20380
14177
21705
31066
15151
21237
11734
27051
26207
2569
26495
24606
25456
801
6402
28212
23485
15805
17843
4861
26069
8974
16391
9019
25844
14190
27051
10228
28754
8814
24584
17335
25066
11510
3341
2496
19588
32317
12523
26069
8138
31912
27129
14452
1581
24509
11043
9454
20586
17178
24363
1894
5734
7341
3341
8145
15316
7105
31154
17215
4537
24584
2641
19321
16554
11948
6245
786
3306
26403
11160
15669
4204
9454
11888
6965
5820
30878
18875
10754
4757
16116
12148
5274
728
21237
25066
3910
16169
5078
26769
6052
2896
11895
5481
19301
12761
622
13859
5215
7449
21444
29684
18969
18992
13678
8009
17843
8193
10249
19724
15143
4910
4355
14081
19724
13182
26769
11160
26769
444
7066
20276
7025
5905
31265
24199
31423
20772
20837
28374
28374
25442
20226
16977
26912
24465
24822
28385
13187
23138
17880
8138
29727
24606
1830
4925
23849
4204
21200
23615
21837
29727
13841
1788
8814
19301
9084
15976
6352
444
9087
2186
16360
19288
728
16759
32458
5215
3457
10034
23909
10787
28293
10034
27007
11476
2496
12113
10628
728
17013
13221
31730
4355
786
4116
2097
24509
18167
12761
31730
20602
2000
26397
1626
24221
14161
29393
4319
7341
14348
32624
9798
7446
27007
21154
21154
9364
13540
9364
14190
8931
24584
27419
28486
7449
10251
6221
22218
16360
29880
20666
28102
14497
21444
21851
15694
12855
8814
10157
21892
27705
4069
4778
1830
25111
12732
6568
18875
5711
26284
31565
26207
29393
17482
15975
12384
27340
17482
25898
14253
5788
1788
29957
12484
31066
11888
14720
11257
13831
10975
13011
24584
12426
11817
29245
31825
32478
12855
1547
7627
17482
23849
18969
21705
21677
1888
13011
14893
14177
17889
15694
3531
23830
5461
740
11888
17624
9172
15694
3341
17880
3717
29289
18214
12426
26912
24606
18969
30514
8814
21705
23444
17337
17843
25339
2000
31207
28966
31293
32628
10164
20102
25522
32458
31473
18769
8887
30224
6722
12839
12558
16554
17215
31066
9734
6867
18769
1788
7066
15273
20343
14720
801
21471
25066
5274
18214
8564
26397
23521
17843
25243
18969
23849
5869
28212
17464
18365
10806
22280
27308
31565
4355
23861
25442
13099
11043
9454
1581
32192
9734
23315
22916
15388
18769
4319
2150
30530
28486
6584
11561
1547
13540
16156
8145
5492
21011
3717
5734
17464
4670
1862
14893
3202
26639
25885
19724
27007
30338
9341
28754
5788
16116
9226
3822
28374
9255
26769
2097
25844
27051
17853
13182
4861
7945
6052
16580
1547
25885
11895
3544
15671
32478
9679
8193
1547
21617
27419
24509
7846
17013
6949
566
20602
20517
12287
5510
32317
25885
13011
16569
13271
3891
18587
11817
3822
16569
24363
13011
9798
3544
17624
15273
32079
17335
3037
21677
9679
4523
22280
17482
29747
5869
7651
24363
21837
25801
11948
7449
19233
10639
6949
23849
30411
20586
3306
5492
10541
1734
17482
2759
25355
8138
13232
23444
13915
9255
15151
24221
5734
1937
11888
15669
19588
30750
12426
3910
28221
12732
23909
11862
28102
3594
26912
16156
29747
22244
14190
12384
2759
1937
18167
8763
2759
9019
26207
12279
23956
5208
12287
16116
14708
15976
16534
9734
21705
4204
3594
12279
31730
4355
16977
10754
17889
23444
25442
29018
13841
5673
30281
23861
15143
7627
12523
9679
16534
15671
6173
26397
1894
11043
13765
10806
19101
11561
25066
3531
1683
1547
30514
20102
5274
8530
18488
9032
1888
24199
23830
3431
23830
11512
9798
32628
19724
21617
6140
26066
3202
7105
12279
19288
17333
23956
32478
13200
31703
8147
17624
19724
17880
6221
8009
4523
9364
28212
17518
32407
21617
6261
17853
31154
3531
5492
15151
26284
20343
27617
6352
16518
20772
1626
20276
8009
7105
9032
25456
5734
17880
25284
10307
2186
27593
28966
15805
11734
3306
8138
17843
23956
4116
15388
16391
1581
26053
14253
13221
27593
29684
31703
4069
32458
786
29727
5274
7480
17731
2845
30338
26769
19909
9848
11752
3528
2193
4670
13831
26397
20602
13859
25456
15277
7449
32317
9487
5668
24606
24465
2841
9226
15975
786
8931
6221
9364
6965
29393
26397
2872
11561
32458
23849
27038
16156
15316
24465
26207
10541
3530
9364
1830
15143
30878
16977
6140
15353
28293
18875
26066
2297
29727
21617
16116
11616
5215
10034
4757
26495
3037
17889
27789
2872
26069
12287
9679
3341
21837
20772
28754
257
30530
26284
25419
8974
14479
17482
32628
32478
25066
22213
5905
26768
16054
5481
22447
7651
21677
27789
9487
10251
26053
3037
21837
21851
11160
10157
27038
4951
1830
7480
29175
5208
5208
30530
9255
28966
13187
30338
13324
30411
30338
32317
18214
24822
12523
18969
17337
32192
3055
23615
30338
26066
18365
4355
20517
23521
9084
12384
26403
7627
16169
4319
1788
444
16580
29880
3306
24199
13534
7480
10627
4116
13831
25339
8575
1658
15250
1734
8145
19893
26284
528
3306
29684
4355
22280
12426
27308
4159
5734
13678
29957
12732
10244
1055
18969
13534
2872
4164
5208
2150
16759
21995
32192
9798
29747
19233
26069
3368
25284
23956
14190
5492
11862
5208
32458
26102
21837
6949
9341
18875
23615
26397
9798
15143
5905
15250
6331
23315
2759
15182
6221
12993
13983
30530
32079
5788
32734
3891
18488
13099
13221
18992
26495
31217
19970
29018
728
25898
19916
4861
32454
13271
29289
18992
5510
28212
25111
6173
21705
7341
27129
740
11257
4778
21851
14673
26403
22218
14479
11561
9324
8887
2645
14893
22213
8145
20666
32628
9341
17880
21471
11714
10251
27051
26047
2150
11043
16580
20102
25243
27419
13915
12148
25111
8009
22447
17843
27705
2496
6722
19288
5632
30530
28293
13179
31217
26397
28293
23138
566
27129
28603
3528
11820
3055
11948
728
7359
5578
26284
4925
2150
24584
29957
12279
15250
13011
2872
25419
17843
13269
25339
14479
25284
3717
24143
2845
20837
13534
7846
19588
2845
9848
5734
11922
27705
11922
29245
15353
24465
31473
19916
1626
30514
18875
4845
21705
16156
9364
24199
27936
21892
24584
8009
26102
20276
3891
2097
26069
20837
11043
32407
23956
12853
27007
11734
18167
18769
12287
26066
16569
4861
5711
26397
21677
23315
728
21628
3717
10062
12558
19288
6584
28102
3891
9364
4845
15182
6568
13179
25801
5905
7359
7651
13153
13765
30514
740
26727
29428
24143
5905
22213
28966
17889
9268
21705
6352
2641
20666
3368
14708
32408
28839
21244
9734
15151
15772
29248
14720
528
3891
12876
9087
622
16391
27419
10062
12287
16534
11820
20517
16054
7480
28839
31948
20517
6867
24509
31825
31066
31473
29880
10787
3341
11948
10541
16977
16569
12761
14497
29880
29248
10307
26495
3544
21444
3055
23861
29289
4116
13765
566
32624
27051
4861
19321
25801
17880
11160
27038
31473
18167
30281
28102
4670
17215
6173
5905
2186
14497
16156
29018
32408
13011
23956
20666
20772
13232
24090
21493
3202
16569
29175
12876
13540
23615
12076
3368
6965
11510
7105
28587
7446
11820
13831
11895
25419
4164
27038
24509
11561
5083
31344
31565
10249
3891
10838
21892
8763
4523
16977
25898
528
11714
9019
6949
21628
29175
13540
5673
29880
1734
10806
25522
19724
4355
8931
4355
2000
13221
21705
3306
25419
8564
19588
26727
24143
1788
8575
29684
21705
25284
13232
2759
30481
20226
32478
21200
4861
28374
3530
26069
1788
28374
21154
22280
6568
27848
27921
26397
30750
11888
19970
19909
1734
20226
8814
21851
32454
17013
2759
30530
27308
9255
7480
17178
10838
23909
28385
26769
13269
826
14708
3544
5820
29727
1658
6052
28244
11895
4159
27617
21837
3341
19916
14497
27308
23444
18769
5208
26639
566
27051
23005
10228
13153
18181
17518
30281
2717
10251
21677
21237
528
13200
11895
27419
29286
6052
31154
9226
16534
3530
9734
16391
10307
10034
26639
4910
31703
6965
8575
21493
10627
1375
8564
27038
15536
25898
10458
3037
26495
24090
11446
12148
18214
20226
13011
1055
31207
25284
11734
4910
26042
30964
4757
2150
27007
11922
21011
8575
10627
1830
10458
10157
17215
10628
23956
12287
11160
1788
19288
8349
31344
26397
31473
13232
1788
28374
8138
28839
14177
20837
4861
32079
16534
9733
21244
12523
3202
13523
7446
26397
13859
12993
24606
8145
17335
1788
15805
1888
15143
30514
29880
9733
30530
23830
31948
22714
16169
11922
6352
26066
3530
9172
21237
3341
2150
22280
24822
32454
5510
11446
21837
5461
1547
19301
17518
20666
27936
7449
11616
801
30878
6173
16977
11888
24221
27789
19992
21237
5711
24569
23444
15805
5711
10975
32458
25442
5078
14177
9172
528
7945
18214
26768
3910
10228
23909
17333
19970
22928
23849
21237
25355
31154
23485
17853
9268
12523
1626
2186
16169
4925
9025
17337
15805
12558
30338
16518
4159
1894
3531
16156
10403
15273
12148
7449
26639
5083
5711
21444
8648
8887
6052
9268
13099
28966
7449
31635
23849
27593
1055
3037
21493
28587
14452
24509
25522
6965
11862
8009
6281
23615
12876
5788
9087
13534
5053
10062
12732
18587
14253
1658
13271
14190
28374
17333
17333
13859
21011
23615
32317
15536
24090
10541
15976
26639
11561
28221
11817
21995
11446
18167
16156
8763
27617
14081
15151
28102
13540
23184
20102
8931
25801
6331
29393
16352
32624
12558
17482
25844
6221
15975
12558
25243
11257
18587
16360
30281
12732
30224
27007
11510
5215
8763
18769
13859
20602
21154
8329
20517
13678
5820
5208
11948
27705
21244
13678
27705
16391
3531
31948
17889
14253
31154
257
1581
27340
6352
12761
786
4861
9848
25111
30281
18587
7359
15975
10754
25419
6584
5053
24569
13983
826
9341
28221
27617
14253
6722
28603
28726
11476
24772
26768
16054
27936
26069
9084
8763
21979
11888
8145
23184
28146
3431
8763
16391
26042
1806
728
12148
10806
13523
18214
23521
11476
6281
4910
31207
21628
27007
15250
13859
6867
30878
24772
15388
19909
18214
8349
13153
25339
31344
13765
2641
23485
21837
3910
6722
13182
2845
18875
4319
4778
5208
19916
4164
13221
29248
8887
25898
27051
15353
728
826
24509
27129
31948
4757
15388
5053
9798
31207
21617
4355
16554
11948
4164
27038
9255
20602
11714
31635
13182
17624
6245
6261
16352
3368
18305
8931
24569
31730
1888
25898
31066
2645
5869
2717
28754
3594
20586
786
22213
13841
21444
22714
14253
3037
25339
27007
5492
13859
31217
29286
29175
18875
17333
12279
23184
17880
16391
12076
24822
13221
4670
10754
15694
9341
7446
28839
10473
24465
9733
15353
3712
2717
29957
1894
7066
3368
15273
28839
9019
17178
5053
16169
1683
29747
17880
14161
22123
29018
2097
10838
11817
32454
8974
31825
26284
4845
2717
13831
16352
16580
9226
17482
13153
15151
5078
9172
13540
566
29018
21617
32407
6568
20102
20772
31635
24199
25442
11160
12761
32192
27705
2896
15772
20772
20343
29018
16569
26912
11160
25898
3544
10838
29684
16391
3202
10307
15182
32628
9087
9084
24822
20772
4951
20276
20586
3712
21995
15976
29289
17518
8887
13540
26768
15353
1888
31217
21493
28587
13523
27593
8763
31207
22714
28587
3530
25068
15316
27848
24822
14081
1894
16352
17629
16116
25522
7359
14720
26436
26047
1581
2759
12993
27051
21237
8349
13187
13271
5668
32624
25111
27789
30547
28587
27051
10228
9324
26069
18305
4951
786
15669
20602
4645
19101
28374
8974
11888
15976
1894
13831
11734
21705
26639
28221
29018
30547
29747
14497
10473
622
2000
26403
29727
6052
21837
6817
23444
7105
11817
3306
27129
7066
9087
28221
1894
15151
14893
19893
22244
29747
1375
12523
13099
11948
24606
12279
25801
22123
5274
21979
622
16569
4164
5632
20343
25801
30530
13011
6352
3055
26207
4845
20226
5668
11561
14452
20226
29289
21892
15277
15694
18305
30411
1375
5215
30750
1734
21892
10249
13099
28603
8575
27789
6245
9462
20380
1626
21617
29880
2097
30547
9324
25284
26284
728
27340
12148
11714
3822
26066
5215
13765
1626
17880
30964
2641
24090
25801
15671
23184
11476
16169
16391
2641
4645
6584
19233
2841
21837
32628
30750
21244
1830
7446
12148
8147
18587
8009
4523
30338
10034
15151
16169
786
14253
9226
23615
10157
10975
13269
32192
1937
12732
23444
8193
3341
9087
8349
3594
8145
9025
16759
9734
7651
29175
12993
4645
23521
8145
9679
22447
8564
24509
5788
801
23615
18167
28587
18992
3910
3457
27848
25442
13187
6026
13678
25243
32192
5668
30281
30411
12855
15277
21892
29393
30878
10975
21628
9364
19909
3341
4757
1862
11888
30547
24772
30281
13232
9324
28486
3431
27921
5510
12426
25284
10244
32454
30481
11510
14893
11561
12732
17337
19909
29248
20586
13187
5820
11257
17013
10806
19321
1788
22218
26768
16156
4204
32192
8575
19916
26102
11476
24822
21617
10754
13179
28351
21617
10458
15976
16352
27340
17843
28603
31066
11862
15536
1055
30547
16977
32624
31473
13179
5711
728
7651
31565
10541
17889
786
2759
29957
22714
23485
17624
15277
22218
11862
28966
30481
25068
16352
31565
22218
14479
7446
5492
5711
5481
9733
1806
29248
3594
11512
6331
16156
11948
7025
2150
28603
17880
32408
3368
20517
17215
2896
9798
622
18181
21444
14253
11616
3531
18992
13271
15151
13859
29018
10541
15669
16360
4778
19970
15273
15805
4757
6281
11903
26768
26207
5905
10164
12279
15694
17337
19301
25442
1683
17624
28293
19992
6331
15273
27007
28839
15772
31635
22218
16156
16534
26403
10541
5461
12148
8974
13179
32079
18969
20102
6352
16054
18365
29286
2297
8814
31154
9848
10627
3037
26042
17482
4778
5905
22280
5078
728
4204
25885
10754
14708
8530
4523
9798
19321
13915
6949
19992
28244
11895
1894
5215
6352
24822
26727
30281
10157
32624
25456
1894
31265
11820
16977
21011
10251
6402
9025
26912
26207
17337
14479
29747
7025
21677
15273
4845
1055
3891
15669
13099
11817
21837
3431
26495
24509
4204
10806
1788
5481
25898
30878
16554
26042
12993
26397
6731
3306
32408
27789
31703
10157
11817
19970
12732
18167
5215
25885
21705
20276
9226
3891
13179
32458
826
9454
10639
32407
26397
5215
14673
4757
30481
25456
7446
26053
21851
31207
15805
26403
14673
24465
3457
16169
25456
5820
13915
25898
21011
28754
10307
19916
10458
7341
8138
17215
30338
8530
4159
15182
23005
13765
2000
9268
15353
31344
18365
24822
25311
3544
28293
8009
20102
6722
4159
12287
26403
18181
1055
4159
17464
11817
3055
16977
23521
18875
14253
18875
5053
13200
7627
8887
7627
3891
32734
14893
11895
4523
31912
12287
28726
18875
11895
22714
16391
3341
27007
13523
30338
28966
6965
21628
26066
12853
5673
13269
6026
9172
20276
28102
11561
30750
11160
13523
18365
11043
27340
13678
30530
740
27007
32478
24363
13269
15694
1806
19724
8648
11817
15671
2186
16352
19101
12761
4925
17013
12148
23521
21979
28244
17629
8138
29428
23956
11160
13915
728
17464
15353
23830
24465
13200
13831
4951
31066
10164
26102
22213
11817
4925
1581
31207
12993
20837
12746
1658
21237
19893
22916
1888
25111
26436
3910
11895
3594
10157
4861
16580
29175
21677
13841
31293
14177
28146
28603
17333
9019
7105
27308
9341
29747
32408
25801
32628
6245
786
25442
13179
15182
24465
30281
1937
11903
4355
4116
4910
13221
13200
28587
21851
22916
24606
4355
1862
2717
21200
12076
16518
17853
13271
4670
21892
15669
25442
13221
13099
32079
24569
11903
10307
4159
5215
2872
13011
7446
5274
15151
18875
10541
14452
27936
1830
2872
257
3544
15143
25419
4670
4204
4925
1806
8763
10249
3910
25284
12839
3910
12384
5673
1937
6331
8974
8349
4523
2845
9019
26639
32407
26436
2000
14708
4523
3891
32079
9324
1734
12426
14081
3431
29957
3891
16977
25339
32628
12855
7341
13523
3594
8974
6965
16554
3431
1683
18769
6352
28374
7627
29428
31217
9454
3431
13324
22447
21851
12076
13179
5820
21677
2872
26102
257
4910
10244
28146
26069
24090
32408
14893
17333
11895
26042
12148
30750
13831
25339
25339
21062
13232
9084
30411
8648
14161
13232
32734
13221
4116
32478
26042
15316
13324
10164
2845
24509
6568
29289
23615
1683
10541
17335
27308
3306
30878
13765
9733
11895
10627
27038
27007
18875
3717
17880
21837
25419
26436
4925
19101
2193
8814
5053
25456
7449
12558
17843
21979
21979
7341
21851
16116
16534
27419
10157
26547
8763
27789
11895
25898
11561
18992
1375
23849
13523
801
26102
6722
8887
25442
8329
6949
24143
24363
22928
26066
25066
6140
2193
32408
11476
24569
23615
29428
12558
21677
26284
13271
26069
17853
10307
24221
5078
32407
13523
32317
21237
7846
23849
1375
8147
27593
2872
9734
25801
28726
28212
8974
11888
20772
18769
30224
26639
20666
10473
19301
13182
14720
13324
22280
8329
9019
4164
28486
30481
27936
6352
28603
9172
31265
10249
4951
8648
3202
11257
8648
20772
21979
25243
9341
11862
27705
4910
13324
8530
31703
19893
4670
28486
12839
14190
10251
23485
24221
9679
5668
25442
22916
3531
2759
1581
26102
29248
9226
32628
8575
22714
2845
5481
21062
15975
21677
21444
26066
3822
5215
6140
15353
15353
32628
1626
24772
31207
2841
4757
10062
7945
12113
30530
13271
29747
28966
27593
28486
26207
26042
11512
31635
23909
9025
29747
20226
30281
24606
10228
27921
5632
740
32458
11752
23830
6052
1626
21200
10249
5869
15182
30514
3368
6173
30514
32628
11160
1806
4204
10228
25844
18769
26768
28351
24822
32624
5673
8648
30547
30338
7025
21995
12523
27038
26436
29175
29957
740
4164
14177
24584
9032
31948
18305
26436
7446
26053
27129
9734
17178
32478
2896
28146
1806
25066
27051
7359
11616
19992
10975
9733
24199
5053
13915
7446
6026
1547
12523
32734
566
4757
9462
6584
15805
22714
17178
1375
5492
26639
801
3530
10806
4355
5905
8349
30964
1888
12876
6052
27705
26769
22714
24822
9487
21493
24606
15151
6352
2841
15151
9462
7627
11734
21471
16054
6245
26284
10249
8887
26053
13678
16360
17178
14177
32079
12279
19893
9019
23444
31703
13765
14479
26397
29957
9364
7341
28293
1547
11043
27007
10639
14497
3891
17335
2000
13324
9729
22731
21444
8974
27051
14161
2641
16116
23005
21493
23315
3528
26727
13179
27848
18992
728
528
8814
3037
6026
18587
3055
5083
9462
15182
11862
13232
8349
18969
19724
5788
22714
31207
10975
31565
2872
26547
8887
32192
2186
5481
27705
31265
3530
5578
29018
728
30338
23861
28212
4925
13187
10164
6140
4778
17629
6281
23830
19909
31473
8814
20666
31912
14497
19288
21628
13221
2150
31912
30281
16569
16569
6140
9679
1888
13221
6584
1888
7066
29393
6817
9255
17215
14253
1581
31265
25355
1581
10627
24199
28293
13221
14479
9734
32317
14161
5632
9733
13232
1375
32192
31565
8145
10627
13324
11257
12993
16518
13765
18365
32478
21237
15151
31265
26495
257
21493
3544
3431
22244
20343
786
18969
4910
31703
18167
15143
23830
9848
15182
19321
13182
30530
21444
27789
25311
6140
12523
10627
5578
10458
27007
8329
24509
4319
32734
13271
4355
8575
16534
13182
13859
26495
7480
31565
18769
15976
22244
29248
13011
9172
23521
6261
27848
26495
16977
5869
5788
12113
13523
23521
10541
23615
17215
21444
5208
728
8575
16759
16580
27789
3431
29880
18488
28212
12558
17215
3822
8145
5274
257
20226
4778
26436
2569
13232
15316
13099
8530
3910
27921
23909
18769
1888
13859
21628
4116
16580
30338
30750
6949
15151
19724
30338
31912
13187
4159
19893
21471
3368
13678
16569
32408
13915
27051
11922
1734
12993
14081
29018
11446
25066
17624
30964
9084
28102
16580
27129
2759
24822
6352
19321
10403
29175
24465
26769
17889
7846
27038
6245
4951
27129
5078
13187
15353
23485
16156
26495
26912
17482
26069
13200
14673
20602
31217
12558
2186
28221
17889
22213
24584
30964
28293
3457
27921
13099
5673
11160
32079
30481
24606
22123
2717
32192
12732
9734
30338
1658
21617
5078
30964
24509
10639
12746
12113
13859
13523
13187
11948
5510
30530
20380
27340
3528
26066
22447
8530
9729
6245
24569
19321
30530
12426
17333
16360
6245
24221
10403
8145
3528
12853
26403
9733
14708
28244
8575
10806
32628
3528
1888
22714
21837
444
11043
14081
6722
29747
9255
24569
17880
30481
11948
17853
8009
4069
24465
22928
31948
26397
14177
19301
3368
26639
13271
5869
1734
2569
19970
30547
32478
24509
26639
4951
24363
10787
24772
31473
6965
4319
1734
15976
12076
28839
21200
1806
17337
27419
5208
3717
27593
27308
8138
14081
11714
2759
18167
13765
21493
27789
11948
9487
17843
14720
19893
14190
14893
7359
1862
22244
21628
21011
31293
8564
9172
26727
5481
1788
26102
32628
30514
9268
21837
11862
28754
12148
16569
7651
1894
30750
16169
1830
13182
29248
32192
18992
24090
25355
26768
23956
2896
7446
11446
5461
14452
29727
12384
6584
826
3457
17215
15976
11043
12426
2097
31217
30964
11752
23830
28374
28221
21892
31565
4910
18488
31217
17624
10228
21154
12113
22916
1830
16580
10034
11820
8530
26069
6281
18769
25284
3055
11922
6052
5215
9679
11922
15250
28351
26042
16580
29428
15536
8974
10249
21471
13859
13678
7341
8648
32079
9087
26639
27593
26912
11820
21237
18769
4861
1683
25355
27705
3431
24606
26495
12426
11512
17013
25522
26436
20772
21892
29248
5208
13153
6331
15316
26436
9032
23849
2569
28146
7846
5083
22280
32478
30964
27308
16554
20102
4523
20517
28839
16391
15182
15694
23138
25522
8145
13841
25801
17335
21851
18365
6352
30514
3891
2150
11714
32317
6568
8814
5461
6261
14081
19101
27789
2841
3431
12855
23315
27340
24143
17013
23830
28587
32624
20772
21493
8145
12993
30224
24606
30964
8349
25419
23005
10627
32458
26727
9019
14673
6331
10754
27129
29428
3891
9172
22123
16534
15536
12523
16054
2297
12876
5481
4537
16569
2097
13540
27308
7025
21892
8887
16169
4757
21979
26403
31344
10157
528
3891
27936
11817
6352
13099
30547
6352
20772
26047
20380
7846
16518
15277
19321
9324
3431
11817
5461
28102
2193
23184
19916
13271
6352
2150
6331
3055
11160
7945
21154
23184
4925
16360
21837
17518
7066
26912
3368
22916
21837
12384
14190
24199
17889
29248
8575
17464
15976
10034
21062
10164
23444
13271
30224
740
3431
17853
16977
30281
32192
6817
8009
13915
23138
1734
1581
30878
6867
26066
5053
2641
2896
8193
30878
5208
26403
18992
10806
10403
6221
13232
6245
2872
14348
14161
20666
29018
30547
7651
15151
24509
9025
20102
10628
13324
22928
17518
3431
13269
23861
27308
8814
13765
14673
19724
12076
22928
18181
25355
22213
7846
31730
2193
23444
6867
31154
3055
9268
31207
32317
2186
21237
23485
21011
30338
17215
4757
3544
28603
5078
21617
5481
31293
5053
5215
31217
2641
10034
9733
31948
11948
7627
21244
444
7066
11817
4925
3055
4537
15143
26397
17843
6261
20666
19321
14893
13271
32407
29880
21237
13983
25801
5461
32478
20517
22916
10787
3431
24143
6965
17482
30224
9087
20380
16580
12853
30964
19301
8931
18488
16156
9798
29286
17464
21617
6568
24221
32192
31825
16391
15694
16569
5788
21705
26768
18305
23485
26397
11043
6402
25898
5673
18181
12558
19916
13534
22447
31473
21237
28754
6026
7341
17333
3822
6331
12761
26768
25243
5208
28212
27038
27848
26547
15151
11160
11734
28839
23830
14479
444
22213
8931
7066
23830
21617
5274
29018
29175
6026
30530
10541
29880
10541
10473
528
25111
15975
24221
10627
10458
17629
11895
18969
30547
6281
18587
26727
8575
25885
27705
26066
19992
9454
16169
3457
12746
12279
13200
25355
15151
26436
25355
10473
31293
13271
13859
4670
12855
14893
19101
25284
4355
3544
6245
7651
23184
2759
31423
20226
23184
6245
17215
6221
14190
11510
24772
22244
16518
13269
8763
28486
17333
29245
2000
17178
16977
27007
10639
10249
31344
11510
9172
25844
4116
19916
7480
23615
5668
9084
17335
9679
29248
13859
6402
4164
29727
24569
26727
16054
6402
3822
2896
21471
1375
29727
8349
4159
24584
3891
17731
25456
21200
3822
29175
4910
16054
23444
6281
3530
16352
1055
10458
13678
32478
4164
23830
22244
21244
17518
31730
4523
28146
13540
31265
32734
4757
12558
10628
13221
3822
14893
1734
2297
32478
3544
5053
31154
3306
8145
17337
11476
26436
1862
13765
4861
5510
9019
23444
26042
25311
17880
2645
17853
15671
21837
4861
1375
9032
10157
28244
22447
13765
18305
7025
1888
21628
9462
9798
12426
19916
3037
27051
15388
12732
2193
25801
11510
21493
15536
10787
22123
4523
16977
21011
23184
15805
11257
27593
4861
20276
11446
14673
3544
16360
15975
11948
18769
8564
25355
6052
28385
8349
17013
11616
12148
24772
10251
4319
29245
28966
25442
16977
15277
16518
24584
2297
13540
18488
11512
728
31217
15151
12523
17889
8009
10639
31948
22123
29286
1937
25068
13271
2569
30530
29245
15273
22213
29245
3910
32408
28603
13232
29286
10062
21244
29727
5905
28587
8530
27007
8329
14190
2496
2297
8147
25419
21837
31565
26768
26639
6173
25284
6722
4645
23521
19909
11888
19909
10251
27617
6140
8138
16352
24584
30530
13983
32628
10458
24143
30964
21062
9032
18214
3594
6949
24199
19970
10458
32628
21995
19101
12426
14893
23485
3528
13841
30750
5208
5673
13200
14348
14190
9025
14893
25898
29747
27419
28603
1683
4910
24584
14190
2641
24772
444
4757
29428
16759
25066
6965
25898
8887
8329
15976
25442
12484
7105
5668
28966
13678
9487
8648
9848
21628
1888
9733
9798
32192
10244
257
7446
1626
31730
12853
26207
10787
29428
12746
12279
9084
12732
11714
10244
27617
1547
18181
30338
15277
13232
2186
5274
2097
4204
14253
19970
13841
27617
566
19588
26768
29289
28244
29727
19588
11476
17013
12876
17482
28351
15669
17464
9226
31217
30878
4925
15182
5734
3717
27848
4319
32317
6402
19916
13200
23861
26053
12855
7651
28102
566
3431
9087
28244
21062
3910
26403
13221
27007
14708
15316
15151
18214
5208
16054
25844
25355
25456
17482
22447
8648
14177
13221
32079
27007
11043
6261
6352
12523
28587
15536
31154
728
31217
14081
4910
6867
20226
1862
13269
26284
2645
11903
8193
5461
5053
2000
15694
14190
27129
27789
1734
9734
12853
25111
15143
7846
19301
23956
21892
13200
32408
31217
3055
26102
3910
13099
27593
5053
31066
30411
21237
16580
6352
19301
18488
32079
4069
20772
10164
5632
12384
4910
6731
5481
4951
13983
5734
7857
17464
7651
2000
31154
9084
12113
25801
17731
12732
24143
10473
15536
29393
9324
21515
2186
11512
22244
20102
2845
13182
23444
8530
13540
29175
23615
9341
18488
29286
25068
26547
5905
4116
3712
26547
15772
6245
8349
14253
6568
16534
15182
17335
12732
5492
1375
27848
26912
9729
30547
25284
13841
566
5481
19321
12732
9255
5711
11752
23315
19233
5869
3306
2759
27051
8147
13841
15805
13831
25419
19916
1581
14452
19916
32734
17482
8349
8763
30411
20772
20772
25355
6584
17178
25284
16156
31154
21979
11903
5673
14190
30411
5053
22218
19233
257
19288
1581
24221
25111
2150
6173
24143
6867
29880
9172
6965
1888
4319
19916
728
22280
23138
4670
16116
15143
7945
29248
32317
23956
12426
7846
5820
8147
26284
23138
4204
30750
1658
7105
10062
9848
15805
24606
16518
15975
9729
19893
25419
32408
14253
19321
19588
11616
31565
25066
26069
5510
18992
740
7446
9454
6140
18365
444
10403
32317
2872
13179
12839
7105
12853
21995
28754
801
5905
25311
31703
11895
31423
10228
27593
18488
9172
26102
13859
17333
26769
6584
10249
31948
20602
25311
24772
31154
9364
14177
4537
24363
740
25284
26397
31825
30411
12113
13271
32624
32407
5632
8564
20666
11616
27936
27848
26066
30547
26397
27129
17215
26102
15277
2186
12839
13915
15143
9729
24772
30281
17178
12287
16054
5869
9084
6052
29957
28244
26069
14253
14720
10787
18305
20666
10249
31265
25522
10034
7341
12076
20666
21493
3037
5788
15671
12558
9734
13153
27007
7945
28221
13232
32317
3717
5492
19588
6731
23830
4925
32624
2645
12523
19588
16116
3822
10627
3368
9734
9084
9255
3544
7627
13983
2645
11820
31265
11714
12732
4523
4355
25522
22123
16352
9734
13540
6352
25419
15975
18769
5632
7846
3910
12855
801
6965
6052
13153
18488
16759
19724
16569
5905
12484
10627
21237
7627
23861
5053
30547
17215
18365
3457
6867
1862
26069
17178
13915
13765
15353
1734
28966
28212
28221
21705
31825
6817
5788
3910
12426
27617
12839
26053
2186
18969
11820
14348
24199
8814
20602
25068
23830
28374
6221
31265
23485
9798
26403
8193
17518
10473
21200
8648
6568
14708
25066
30411
8145
5492
32454
3891
19233
8147
10473
801
27051
10034
17482
12076
1055
30514
12993
23909
2872
8349
13523
27593
12839
20226
11862
4670
9454
29428
5083
5215
16569
26284
25419
28221
32628
28212
30411
9848
31344
10975
29248
1830
22447
31635
14708
17731
22714
26769
23849
31565
11817
31293
7627
10838
622
19101
5078
3530
4670
19588
6331
31066
25243
4910
32478
32458
26053
21677
28966
5481
4670
11616
29880
31912
24363
14081
26069
30878
20837
31730
25339
2645
6261
31473
32734
2569
26495
29248
26397
11160
5274
21979
4910
16054
31217
8648
17843
10157
5905
10975
4778
1937
13523
26495
1788
2569
8931
23485
8763
11817
11714
25355
9729
1862
30481
15277
3544
3594
2496
7025
31703
15143
13678
27617
30750
20837
6261
27051
15976
17624
11160
5869
10754
15976
4537
5820
32624
29245
10639
20276
27848
11820
801
15772
2872
6568
2645
3306
2297
19893
25311
13765
23615
14452
20772
4159
1658
13182
15805
10541
1375
5083
8814
6731
13232
21851
30281
20343
32192
25885
11922
28587
10034
3531
2645
31217
4159
5510
6352
7025
786
31473
29428
444
13859
19970
27789
24221
30964
12076
28385
26769
17853
11561
21979
9733
29880
28385
7480
25111
18365
20666
11043
24606
7480
17629
1894
4355
7857
13182
7480
3202
5905
22447
6261
14177
25311
20517
21471
13153
10754
23485
31423
7480
8009
26284
28374
6281
1888
16116
20226
13859
26639
25068
26102
2717
10639
22213
24569
15151
6867
6568
17215
2759
3544
20226
18587
22244
1888
27848
3531
8575
21200
3202
25898
16759
6052
25111
20837
22213
20380
20586
28966
12523
25456
20276
4925
13153
30878
8931
10034
25111
20102
17464
15273
26768
14479
20772
5078
17880
21471
31565
12279
622
11888
28293
25844
8329
6352
31473
6281
9324
8193
5510
23521
9268
28754
11734
16759
22244
10639
8530
444
21705
25801
8931
15694
32407
14348
12558
11820
18488
20276
25442
5274
26066
12761
1626
12484
12426
5481
29428
20276
12148
5734
786
20837
14673
31703
23956
5208
826
8138
24465
17335
7105
17178
21995
22123
17333
17333
17464
4910
10251
9087
17178
10787
7446
16156
6026
1626
19970
13915
15694
23830
1626
6352
9462
11510
13841
7341
9848
14190
4757
10034
32478
6052
17843
5461
19724
12279
10251
18181
20517
31423
13182
12732
26912
15694
10458
24822
26769
17333
8145
6817
31217
23615
28102
10458
566
6949
23861
15669
26284
9268
9848
24772
801
22213
11714
728
26912
15182
11561
23521
8974
16054
3531
16554
7025
29957
24509
25339
4164
13221
8329
21011
31912
5632
10838
7341
8648
32454
29289
22447
19288
11888
6731
9172
8564
29018
4910
26069
6584
30481
11714
31344
31948
12523
31423
9255
17178
3431
26397
20666
17215
12732
28385
21995
28293
28486
15975
9679
15536
7449
28385
728
22218
3717
11903
26495
740
10244
32734
12853
9462
4319
3910
26053
26047
3910
25419
13271
7025
5215
9087
3822
10627
21628
26768
5820
28293
24221
24606
30878
12287
13324
17624
31565
6140
6052
10458
31423
6140
12148
30411
21892
25111
31703
11895
31825
19588
2186
12876
13153
15143
15671
8763
19724
28754
28102
16169
22218
16534
2841
826
8648
6173
12384
30964
13271
740
30878
27419
22916
11616
8193
26769
28244
26069
30514
10157
9324
9364
25522
11817
15182
25898
17013
26436
23005
28351
31825
8575
9172
8763
10034
26639
18488
9733
10403
7105
9255
6352
28212
11714
1806
2569
29286
728
20102
18875
3910
29245
3910
10458
12076
19909
11888
27051
19992
32317
25885
27936
11734
19916
17518
14161
12484
28293
8145
18587
31217
17889
9032
9032
21851
29245
29727
21677
25339
31217
15772
6245
26053
6402
30878
21705
8763
4355
6949
10806
15671
23521
13678
257
4164
4670
8931
801
6402
28754
8887
25284
28603
30547
13540
28754
15182
22731
17889
31473
2841
21617
31730
2150
9255
9733
1888
23830
13187
19101
21011
12523
15772
23956
12853
8329
27921
26284
20666
31473
13534
1830
3822
18214
5208
9798
11476
17178
2297
29880
12426
10627
14708
9032
30547
14081
3457
2896
27007
4069
25844
3530
15250
20343
10541
2150
15975
26047
3431
12876
25898
9733
16156
18214
21892
15250
25339
15975
27921
16518
5578
9172
23909
2186
13831
18365
12113
16554
5668
23830
23830
25066
25844
17333
13534
25844
26102
10157
24143
1888
25885
23485
2150
5461
4523
7341
6140
15277
28374
18769
21237
17518
11734
23138
1547
2645
12384
14708
22714
6026
5053
12148
9019
16360
11922
32192
32317
27051
6731
26639
11903
10251
2297
19588
26547
21237
12279
24221
2645
28839
19588
1788
28102
6352
23861
22731
14673
14497
31265
6281
801
30750
27848
8138
12876
1683
31565
28385
8648
17337
11862
4910
20666
9025
14253
22280
8763
32079
1683
30281
18214
25355
25243
28221
11257
27051
7627
31948
6817
27617
24509
25844
8145
13523
3368
17337
8193
9032
4537
22280
13232
10541
20517
30878
18969
6402
13324
13182
23909
4116
31703
19321
11510
27038
18969
26397
8530
23615
17178
19916
9087
4910
30514
18769
9172
15975
7651
1658
15182
10307
12426
28966
15694
10754
26066
18214
13232
21515
24772
18769
25844
29880
9084
7449
17853
24363
4910
18488
7945
26768
13269
9032
10062
8145
5078
6402
30750
31207
14161
24199
5668
12855
5711
11512
25068
13983
1830
26069
32192
15151
5208
4355
10473
12761
25243
21493
26403
826
21837
21995
30547
19916
31730
7449
8564
32407
3717
23138
12287
31635
16391
13915
27051
26397
25339
26102
7651
7066
32407
26069
12287
10249
13153
5208
12426
1830
19893
13841
18181
1788
21515
10034
1626
6221
3717
16116
2759
14893
29248
6261
4757
2000
13269
12076
6052
3306
1734
25844
14479
8009
3457
2845
2186
28966
6722
7945
10251
1375
18969
28603
17843
31565
17518
1888
25522
15388
5053
29248
23184
17880
9025
17178
5734
10164
12384
26727
18167
15316
17853
12876
11616
9025
622
17731
13523
17889
5078
17013
17843
20276
32734
21837
1658
19916
8648
21493
10249
19288
10062
9226
1375
25885
15143
21200
9454
12853
23444
15536
6584
27617
528
26284
6402
10251
13011
5673
28587
11257
13831
17178
17880
17889
22244
8763
21237
13179
24584
3202
25885
25456
5673
15536
25339
12113
9798
24822
740
17629
15694
2000
11922
19970
17629
19724
17889
22714
17629
1830
22213
5820
24199
3544
21237
10639
20343
26102
25066
16391
622
11895
18214
19893
25111
6965
27921
27705
21011
11948
30530
8564
31344
8145
32478
30281
25801
28374
10307
21628
15250
7066
31473
26397
14893
12426
10307
2872
32408
2193
13841
23184
30750
13831
12076
11043
1830
