0
3
8
13
15
19
35
44
52
56
56
56
63
65
65
73
73
76
83
87
92
97
105
106
118
121
122
123
123
130
133
134
135
153
167
167
169
171
174
176
176
177
178
178
180
186
192
196
198
199
200
200
202
210
213
213
218
222
230
231
234
236
238
240
242
245
251
254
256
257
257
272
272
288
296
300
300
303
306
306
306
307
313
319
320
322
326
327
329
332
335
337
337
338
339
339
344
348
350
360
363
365
368
372
374
378
378
380
382
383
388
388
396
403
406
407
413
415
420
421
421
423
424
431
433
437
443
444
447
455
457
467
468
469
471
471
472
490
511
513
518
526
526
528
529
533
534
538
541
549
558
566
569
572
573
581
589
590
597
598
601
609
609
609
612
613
614
614
615
622
622
623
625
630
632
649
651
651
652
653
657
659
662
663
665
665
667
668
671
681
682
685
690
691
691
697
698
698
706
706
707
707
709
716
728
729
729
736
740
743
748
755
760
764
767
768
769
771
772
779
784
786
787
788
793
799
801
806
814
826
826
832
833
840
842
846
857
860
866
866
874
876
885
886
889
890
894
895
895
898
901
903
916
919
921
931
931
932
946
958
958
958
959
960
965
966
967
968
969
969
973
974
982
992
995
996
997
1001
1010
1012
1013
1020
1020
1022
1026
1027
1027
1028
1034
1034
1036
1039
1040
1040
1043
1044
1046
1047
1048
1055
1059
1062
1062
1067
1074
1074
1075
1078
1078
1080
1086
1088
1089
1091
1094
1094
1096
1097
1099
1101
1102
1103
1106
1108
1120
1124
1125
1131
1132
1136
1137
1139
1140
1145
1148
1157
1158
1160
1165
1168
1175
1177
1178
1187
1188
1190
1192
1193
1195
1199
1201
1203
1208
1218
1230
1230
1235
1236
1242
1246
1247
1250
1252
1253
1256
1256
1261
1268
1275
1276
1287
1289
1290
1292
1293
1294
1295
1296
1298
1298
1302
1302
1303
1303
1306
1309
1313
1317
1320
1337
1339
1345
1348
1354
1360
1370
1374
1375
1387
1390
1393
1398
1399
1400
1402
1404
1405
1405
1410
1414
1414
1424
1428
1429
1430
1430
1433
1436
1438
1439
1441
1446
1446
1447
1453
1453
1453
1454
1462
1465
1472
1475
1475
1483
1486
1489
1492
1498
1499
1501
1502
1502
1504
1506
1508
1509
1517
1518
1524
1526
1527
1527
1545
1547
1554
1555
1559
1560
1563
1565
1566
1570
1571
1575
1577
1578
1581
1583
1583
1584
1587
1587
1588
1592
1594
1605
1606
1613
1614
1616
1626
1632
1632
1637
1637
1638
1638
1648
1648
1653
1658
1664
1667
1668
1677
1678
1680
1681
1683
1683
1684
1687
1688
1698
1700
1702
1715
1718
1720
1720
1723
1727
1730
1734
1735
1739
1744
1744
1749
1754
1755
1761
1776
1780
1788
1792
1794
1796
1800
1801
1806
1820
1821
1825
1830
1831
1833
1835
1838
1839
1841
1843
1848
1852
1857
1857
1859
1860
1862
1863
1863
1864
1868
1870
1870
1877
1877
1883
1888
1894
1896
1902
1902
1903
1905
1905
1906
1907
1913
1916
1919
1920
1923
1929
1933
1933
1936
1937
1942
1951
1954
1959
1959
1960
1963
1965
1966
1971
1975
1979
1995
2000
2003
2003
2004
2006
2009
2009
2013
2016
2022
2040
2042
2045
2046
2052
2053
2054
2057
2062
2064
2066
2068
2070
2076
2079
2081
2087
2088
2092
2094
2097
2106
2110
2111
2112
2112
2114
2115
2119
2120
2123
2126
2128
2132
2132
2136
2138
2147
2148
2150
2152
2156
2160
2160
2160
2161
2165
2167
2171
2172
2173
2174
2174
2184
2185
2186
2187
2187
2192
2193
2194
2194
2204
2208
2210
2216
2218
2222
2226
2227
2232
2239
2239
2244
2247
2247
2253
2258
2264
2265
2272
2278
2283
2286
2295
2296
2297
2297
2298
2303
2304
2305
2309
2320
2337
2337
2346
2351
2352
2352
2356
2359
2360
2364
2365
2367
2367
2369
2372
2373
2381
2382
2386
2391
2392
2394
2396
2402
2403
2403
2405
2406
2407
2408
2411
2412
2413
2416
2417
2417
2420
2421
2422
2423
2426
2428
2430
2432
2438
2449
2454
2456
2456
2458
2459
2460
2462
2463
2466
2470
2490
2493
2495
2496
2504
2505
2507
2517
2523
2523
2538
2549
2553
2553
2556
2558
2569
2573
2577
2583
2583
2586
2590
2598
2603
2603
2604
2608
2612
2612
2615
2618
2618
2621
2621
2625
2633
2634
2638
2639
2641
2642
2645
2649
2654
2654
2658
2662
2663
2669
2673
2678
2679
2687
2689
2691
2696
2701
2701
2705
2705
2709
2710
2711
2711
2717
2720
2722
2725
2735
2743
2748
2751
2752
2759
2762
2765
2766
2769
2773
2777
2778
2782
2785
2787
2787
2787
2791
2797
2801
2802
2803
2803
2804
2805
2805
2811
2815
2821
2822
2823
2823
2824
2824
2824
2825
2825
2828
2829
2830
2831
2841
2844
2845
2856
2856
2858
2861
2868
2870
2872
2873
2880
2886
2888
2889
2889
2894
2896
2897
2900
2900
2903
2912
2921
2930
2933
2941
2941
2950
2955
2960
2961
2962
2964
2966
2970
2971
2971
2987
2989
2996
2997
2998
3004
3007
3008
3009
3011
3012
3013
3014
3023
3025
3027
3033
3035
3037
3041
3050
3055
3056
3057
3058
3058
3059
3062
3062
3064
3068
3070
3074
3078
3092
3093
3094
3096
3099
3104
3110
3111
3112
3117
3117
3120
3120
3123
3123
3123
3125
3127
3128
3130
3130
3131
3134
3136
3138
3138
3149
3151
3152
3159
3159
3159
3170
3173
3175
3184
3184
3184
3185
3194
3197
3202
3203
3212
3213
3214
3220
3223
3223
3224
3226
3229
3236
3238
3239
3240
3240
3241
3246
3249
3258
3259
3263
3266
3271
3276
3277
3279
3281
3287
3291
3296
3302
3303
3304
3306
3312
3314
3319
3327
3327
3328
3329
3336
3339
3341
3344
3347
3347
3348
3351
3352
3357
3360
3360
3362
3362
3363
3368
3371
3373
3377
3382
3385
3395
3397
3398
3400
3406
3406
3407
3418
3423
3424
3427
3428
3428
3431
3435
3440
3445
3445
3448
3450
3453
3454
3457
3463
3465
3470
3472
3475
3477
3480
3483
3484
3490
3496
3498
3500
3506
3510
3515
3517
3517
3518
3519
3524
3524
3528
3528
3530
3531
3535
3540
3541
3542
3544
3545
3556
3556
3557
3557
3566
3569
3571
3575
3577
3590
3594
3598
3600
3603
3609
3611
3616
3629
3634
3634
3638
3643
3644
3647
3649
3649
3657
3657
3664
3664
3664
3665
3673
3687
3688
3689
3689
3695
3705
3705
3710
3712
3713
3714
3717
3718
3720
3722
3726
3726
3732
3732
3736
3739
3744
3758
3759
3759
3776
3777
3778
3782
3782
3783
3784
3790
3791
3792
3797
3800
3803
3804
3806
3806
3809
3814
3819
3820
3822
3823
3825
3826
3831
3833
3836
3843
3845
3846
3852
3859
3864
3871
3871
3872
3874
3876
3881
3888
3888
3891
3892
3910
3913
3917
3918
3919
3921
3924
3934
3939
3941
3947
3950
3953
3959
3959
3963
3963
3966
3969
3972
3975
3981
3983
3989
3997
3999
4000
4005
4008
4009
4010
4014
4015
4019
4024
4027
4028
4030
4033
4033
4034
4043
4048
4048
4054
4064
4065
4066
4066
4069
4070
4071
4077
4087
4087
4091
4098
4098
4104
4105
4107
4109
4109
4110
4110
4115
4116
4120
4125
4125
4126
4129
4132
4137
4148
4154
4155
4156
4158
4159
4160
4164
4165
4166
4167
4168
4171
4174
4176
4187
4188
4191
4196
4199
4204
4204
4206
4208
4209
4211
4214
4214
4216
4217
4222
4224
4225
4227
4238
4239
4241
4245
4249
4260
4263
4266
4276
4279
4279
4281
4282
4284
4284
4293
4294
4296
4296
4299
4302
4303
4305
4311
4319
4330
4331
4332
4333
4333
4335
4336
4337
4341
4346
4353
4355
4362
4363
4364
4367
4368
4369
4370
4371
4371
4376
4377
4378
4382
4384
4386
4388
4390
4392
4394
4403
4403
4409
4423
4426
4429
4430
4431
4431
4435
4437
4440
4441
4446
4447
4448
4450
4474
4475
4477
4484
4486
4488
4490
4492
4496
4514
4515
4517
4523
4523
4531
4537
4538
4542
4543
4545
4550
4550
4552
4555
4558
4559
4560
4560
4560
4560
4561
4561
4562
4565
4567
4570
4579
4581
4586
4590
4590
4591
4591
4598
4600
4603
4603
4604
4605
4613
4615
4619
4620
4620
4627
4627
4628
4636
4640
4642
4644
4645
4646
4655
4656
4657
4663
4664
4670
4675
4686
4688
4689
4693
4699
4700
4701
4704
4707
4709
4710
4718
4719
4725
4727
4736
4737
4738
4738
4741
4746
4747
4752
4752
4753
4757
4760
4763
4763
4763
4768
4773
4773
4778
4781
4783
4783
4793
4794
4797
4801
4803
4805
4808
4809
4812
4812
4813
4814
4814
4815
4822
4826
4827
4845
4846
4851
4851
4852
4858
4859
4861
4861
4866
4867
4869
4875
4875
4880
4887
4892
4900
4901
4905
4907
4910
4924
4924
4925
4925
4934
4944
4951
4968
4973
4976
4976
4977
4978
4979
4980
4991
4994
5001
5003
5007
5015
5015
5018
5022
5026
5034
5034
5035
5035
5042
5048
5052
5053
5056
5056
5057
5062
5067
5070
5071
5072
5078
5079
5080
5081
5083
5084
5086
5096
5097
5101
5102
5104
5107
5118
5119
5122
5123
5124
5126
5130
5131
5131
5133
5138
5139
5140
5143
5146
5147
5149
5150
5156
5161
5163
5163
5168
5171
5176
5178
5182
5183
5186
5189
5197
5202
5206
5208
5210
5214
5215
5216
5220
5225
5232
5234
5240
5241
5242
5243
5250
5257
5258
5260
5268
5271
5274
5274
5278
5281
5283
5285
5287
5288
5289
5289
5295
5298
5308
5308
5308
5311
5314
5319
5319
5323
5323
5326
5326
5328
5331
5332
5337
5339
5342
5345
5346
5349
5355
5364
5367
5367
5368
5373
5377
5388
5391
5392
5404
5406
5408
5414
5421
5426
5427
5429
5429
5431
5435
5437
5440
5441
5447
5454
5456
5461
5469
5469
5472
5472
5473
5476
5477
5479
5480
5481
5482
5482
5483
5487
5488
5491
5492
5505
5506
5507
5510
5510
5511
5512
5514
5519
5520
5526
5527
5530
5533
5534
5536
5536
5538
5541
5546
5547
5550
5555
5557
5561
5561
5562
5563
5564
5564
5568
5569
5570
5574
5576
5578
5581
5591
5595
5601
5602
5608
5612
5613
5614
5622
5624
5627
5632
5632
5636
5638
5644
5646
5663
5668
5669
5670
5673
5677
5681
5681
5681
5682
5685
5686
5686
5689
5690
5696
5698
5698
5699
5700
5702
5707
5708
5711
5718
5718
5720
5721
5722
5732
5732
5734
5734
5735
5740
5747
5750
5751
5755
5757
5769
5769
5775
5776
5778
5788
5789
5791
5798
5798
5805
5808
5809
5820
5823
5823
5825
5834
5839
5839
5840
5848
5855
5856
5858
5862
5863
5863
5868
5869
5873
5875
5875
5876
5883
5888
5890
5891
5897
5897
5899
5900
5904
5905
5906
5907
5909
5911
5915
5921
5924
5930
5931
5938
5939
5943
5947
5947
5947
5949
5954
5957
5958
5959
5962
5964
5974
5976
5982
5983
5987
5991
5995
5996
5997
6002
6004
6005
6006
6012
6012
6013
6014
6020
6026
6029
6031
6035
6046
6052
6054
6059
6065
6074
6075
6076
6080
6084
6086
6086
6090
6090
6092
6093
6094
6103
6114
6117
6129
6134
6135
6136
6139
6140
6143
6144
6145
6150
6160
6160
6162
6162
6164
6166
6169
6173
6173
6175
6176
6177
6183
6183
6185
6189
6198
6200
6204
6218
6221
6232
6235
6238
6244
6245
6245
6248
6251
6261
6262
6265
6266
6267
6267
6281
6291
6303
6304
6309
6318
6321
6321
6326
6327
6331
6332
6332
6337
6338
6348
6350
6351
6352
6352
6355
6360
6361
6362
6363
6363
6366
6370
6370
6375
6378
6378
6382
6383
6384
6391
6397
6399
6399
6402
6406
6411
6421
6423
6425
6442
6444
6446
6448
6451
6452
6454
6456
6460
6470
6470
6473
6477
6489
6492
6492
6494
6496
6498
6501
6505
6506
6509
6514
6515
6517
6517
6530
6532
6534
6539
6541
6545
6545
6546
6550
6556
6558
6559
6559
6566
6568
6569
6572
6573
6584
6584
6591
6600
6605
6612
6622
6625
6630
6631
6632
6633
6640
6648
6648
6650
6662
6668
6673
6682
6684
6687
6687
6687
6687
6693
6694
6694
6700
6704
6707
6708
6709
6710
6712
6722
6731
6740
6742
6744
6748
6751
6759
6767
6768
6774
6786
6790
6794
6796
6805
6806
6809
6811
6816
6817
6819
6828
6833
6834
6840
6843
6847
6861
6862
6867
6868
6877
6878
6887
6894
6895
6896
6904
6907
6909
6911
6914
6916
6917
6923
6926
6931
6932
6934
6935
6936
6937
6940
6949
6957
6957
6958
6958
6964
6965
6969
6974
6974
6977
6981
6983
6987
6991
7009
7018
7019
7020
7021
7025
7027
7029
7031
7031
7031
7031
7034
7036
7036
7040
7045
7048
7052
7060
7061
7062
7063
7065
7066
7068
7070
7078
7079
7080
7083
7083
7087
7092
7094
7095
7100
7102
7102
7104
7105
7113
7115
7121
7122
7123
7124
7124
7124
7125
7125
7126
7126
7127
7129
7129
7132
7133
7138
7142
7159
7161
7165
7171
7171
7179
7180
7183
7188
7188
7193
7196
7196
7202
7205
7216
7216
7216
7218
7228
7231
7232
7234
7242
7244
7250
7251
7252
7258
7260
7262
7264
7265
7269
7272
7273
7279
7288
7290
7291
7292
7293
7303
7304
7306
7310
7312
7312
7327
7330
7333
7338
7341
7343
7347
7348
7350
7359
7359
7362
7364
7366
7379
7379
7383
7386
7388
7393
7393
7395
7405
7408
7410
7411
7411
7414
7414
7423
7423
7424
7424
7426
7438
7440
7440
7442
7443
7446
7447
7448
7449
7449
7452
7454
7459
7459
7460
7465
7470
7471
7473
7480
7480
7482
7483
7485
7492
7492
7494
7498
7498
7500
7501
7504
7518
7528
7531
7539
7542
7547
7548
7551
7551
7552
7552
7557
7558
7560
7560
7566
7578
7578
7578
7586
7587
7588
7589
7591
7596
7596
7600
7603
7605
7609
7617
7620
7627
7629
7634
7640
7641
7644
7644
7650
7651
7653
7653
7657
7662
7662
7681
7685
7690
7693
7697
7699
7702
7705
7708
7710
7719
7720
7722
7728
7729
7730
7733
7737
7740
7742
7748
7749
7754
7756
7759
7760
7765
7766
7766
7774
7777
7777
7779
7779
7783
7786
7787
7797
7799
7801
7801
7810
7810
7815
7821
7829
7836
7842
7843
7843
7846
7852
7853
7854
7855
7856
7857
7860
7860
7860
7862
7865
7867
7871
7871
7875
7877
7878
7878
7882
7884
7889
7899
7901
7907
7908
7909
7912
7914
7917
7921
7923
7933
7934
7936
7937
7939
7940
7940
7943
7944
7945
7949
7950
7951
7952
7956
7957
7964
7971
7972
7979
7982
7983
7986
7990
7992
7993
7993
7995
7998
8003
8006
8009
8011
8021
8024
8026
8026
8031
8033
8034
8036
8037
8038
8045
8053
8053
8061
8062
8067
8070
8078
8080
8093
8094
8101
8102
8102
8103
8107
8115
8121
8125
8126
8138
8141
8141
8145
8147
8151
8153
8155
8155
8156
8156
8157
8158
8159
8160
8165
8171
8174
8175
8178
8179
8193
8212
8214
8216
8226
8232
8234
8236
8238
8244
8245
8249
8253
8255
8255
8256
8279
8294
8301
8304
8312
8327
8329
8329
8330
8333
8339
8345
8345
8346
8346
8348
8349
8349
8349
8356
8360
8368
8370
8372
8377
8380
8380
8381
8384
8385
8389
8390
8392
8395
8396
8399
8399
8404
8408
8409
8415
8420
8424
8426
8427
8429
8440
8446
8447
8447
8451
8458
8463
8465
8467
8472
8478
8481
8482
8482
8487
8489
8502
8503
8505
8523
8525
8530
8530
8535
8535
8543
8548
8550
8551
8555
8556
8558
8564
8566
8571
8575
8575
8585
8585
8589
8591
8594
8595
8600
8600
8600
8606
8607
8614
8620
8624
8630
8633
8638
8647
8647
8648
8651
8653
8656
8663
8663
8665
8668
8669
8670
8671
8672
8673
8680
8683
8696
8697
8700
8703
8719
8720
8721
8723
8726
8726
8731
8733
8735
8743
8744
8747
8749
8750
8755
8763
8771
8774
8774
8777
8777
8779
8780
8780
8781
8784
8788
8792
8798
8800
8804
8808
8810
8814
8814
8814
8816
8817
8820
8828
8830
8831
8839
8841
8842
8859
8866
8867
8870
8870
8871
8872
8873
8874
8876
8879
8882
8884
8884
8887
8892
8900
8915
8917
8919
8920
8921
8921
8924
8925
8931
8935
8937
8941
8947
8956
8968
8974
8981
8984
8985
8989
8991
8992
8994
8996
8998
9002
9009
9013
9015
9019
9019
9025
9032
9032
9033
9034
9037
9041
9041
9044
9045
9047
9054
9056
9062
9069
9069
9071
9079
9079
9081
9084
9087
9095
9097
9097
9098
9110
9111
9111
9112
9112
9114
9119
9120
9123
9135
9138
9138
9139
9139
9144
9149
9156
9157
9157
9162
9166
9168
9168
9170
9171
9172
9174
9180
9186
9187
9189
9191
9195
9197
9200
9202
9203
9205
9210
9213
9217
9219
9221
9222
9226
9236
9249
9255
9258
9261
9262
9267
9268
9273
9285
9289
9291
9297
9303
9304
9309
9324
9327
9328
9328
9331
9339
9341
9344
9349
9352
9354
9358
9359
9360
9364
9371
9371
9373
9377
9383
9385
9401
9403
9404
9409
9412
9415
9416
9418
9422
9429
9433
9434
9437
9446
9447
9452
9454
9456
9457
9459
9462
9464
9469
9472
9472
9479
9485
9487
9491
9498
9499
9504
9518
9522
9523
9528
9536
9537
9541
9548
9548
9555
9557
9561
9571
9572
9572
9575
9579
9592
9593
9599
9603
9604
9607
9621
9622
9625
9628
9635
9635
9635
9640
9640
9647
9648
9648
9649
9652
9656
9657
9657
9663
9665
9670
9675
9675
9679
9684
9684
9685
9692
9693
9693
9695
9696
9700
9707
9709
9714
9715
9716
9717
9729
9733
9734
9736
9739
9740
9741
9743
9745
9745
9746
9747
9747
9751
9756
9770
9782
9798
9800
9804
9807
9807
9810
9816
9832
9834
9837
9843
9847
9847
9848
9851
9857
9858
9861
9861
9864
9869
9886
9892
9893
9896
9898
9898
9905
9912
9913
9925
9929
9930
9935
9937
9939
9946
9947
9955
9958
9959
9962
9963
9972
9974
9982
9988
9993
9994
9997
9998
10001
10009
10010
10013
10015
10018
10019
10023
10028
10028
10034
10034
10036
10042
10046
10046
10047
10049
10054
10057
10057
10061
10062
10063
10067
10068
10071
10073
10079
10081
10084
10086
10097
10100
10103
10107
10119
10121
10128
10129
10131
10131
10132
10132
10132
10133
10138
10139
10141
10149
10153
10156
10157
10159
10162
10162
10164
10181
10185
10187
10189
10189
10192
10192
10195
10198
10198
10199
10202
10204
10205
10207
10209
10211
10212
10214
10219
10228
10228
10230
10233
10233
10236
10238
10244
10249
10251
10252
10253
10255
10264
10265
10266
10269
10269
10275
10278
10280
10284
10286
10288
10291
10292
10294
10298
10302
10307
10307
10311
10325
10328
10328
10335
10337
10346
10348
10350
10353
10354
10356
10357
10358
10361
10362
10363
10367
10367
10368
10369
10374
10380
10382
10390
10398
10403
10404
10405
10413
10413
10416
10417
10419
10421
10426
10446
10447
10452
10454
10458
10461
10463
10468
10473
10474
10483
10486
10487
10488
10493
10493
10494
10495
10496
10499
10501
10501
10502
10506
10509
10513
10514
10515
10518
10520
10529
10533
10536
10540
10541
10542
10549
10549
10561
10564
10564
10566
10569
10577
10579
10580
10585
10603
10604
10611
10620
10620
10621
10626
10627
10627
10628
10631
10633
10639
10639
10645
10649
10650
10676
10683
10687
10694
10696
10699
10699
10703
10710
10712
10713
10715
10721
10730
10733
10736
10737
10741
10743
10744
10744
10754
10762
10769
10780
10787
10791
10795
10801
10803
10806
10814
10818
10828
10831
10835
10836
10838
10843
10845
10846
10846
10849
10853
10854
10855
10859
10860
10860
10860
10861
10862
10866
10878
10878
10883
10885
10889
10894
10903
10905
10909
10910
10912
10916
10916
10917
10917
10922
10931
10934
10938
10952
10953
10955
10957
10959
10961
10964
10970
10975
10976
10981
10987
10989
11000
11002
11003
11003
11010
11013
11015
11023
11027
11031
11032
11034
11043
11046
11052
11052
11053
11065
11069
11072
11074
11074
11076
11082
11084
11090
11092
11094
11094
11095
11101
11102
11106
11109
11110
11114
11115
11118
11121
11128
11136
11141
11144
11153
11156
11159
11159
11160
11167
11169
11170
11170
11175
11179
11183
11186
11187
11189
11193
11194
11195
11198
11199
11199
11225
11226
11227
11230
11233
11234
11239
11243
11245
11247
11253
11257
11258
11264
11271
11278
11281
11282
11282
11284
11289
11291
11299
11300
11309
11311
11319
11319
11319
11319
11327
11330
11331
11333
11334
11338
11339
11341
11346
11350
11352
11358
11360
11361
11361
11362
11362
11364
11373
11378
11392
11392
11393
11400
11403
11408
11417
11418
11421
11430
11430
11431
11432
11432
11433
11435
11437
11439
11444
11445
11445
11446
11448
11451
11452
11457
11461
11462
11463
11465
11465
11467
11470
11472
11472
11476
11479
11480
11482
11485
11486
11486
11487
11488
11489
11496
11499
11501
11502
11503
11503
11504
11505
11510
11510
11512
11520
11522
11526
11532
11533
11535
11541
11542
11553
11553
11560
11561
11563
11565
11566
11572
11574
11583
11586
11592
11596
11598
11600
11602
11604
11604
11606
11609
11611
11613
11616
11628
11628
11630
11631
11639
11643
11643
11644
11649
11651
11659
11661
11665
11666
11667
11667
11669
11670
11672
11673
11673
11678
11681
11681
11683
11685
11688
11689
11690
11695
11698
11699
11699
11704
11708
11711
11713
11714
11723
11724
11724
11734
11744
11748
11748
11750
11752
11755
11757
11759
11760
11769
11777
11780
11786
11792
11796
11805
11805
11810
11813
11814
11817
11820
11821
11822
11829
11832
11833
11843
11844
11855
11858
11862
11868
11872
11873
11884
11887
11888
11895
11896
11903
11906
11914
11916
11917
11921
11922
11929
11929
11933
11936
11945
11945
11948
11949
11951
11956
11960
11963
11967
11970
11973
11973
11974
11975
11976
11980
11982
11984
11987
11990
11993
11995
11996
11998
11998
12000
12001
12007
12021
12021
12022
12022
12026
12028
12029
12033
12035
12037
12042
12043
12043
12050
12052
12061
12075
12076
12076
12077
12080
12081
12085
12085
12087
12088
12090
12094
12096
12109
12113
12119
12123
12124
12126
12134
12144
12146
12147
12148
12149
12152
12152
12153
12156
12156
12161
12163
12172
12175
12182
12186
12191
12192
12193
12195
12199
12207
12211
12220
12221
12235
12237
12240
12240
12241
12245
12255
12261
12268
12277
12279
12279
12280
12280
12284
12287
12288
12289
12290
12291
12299
12304
12304
12304
12308
12308
12316
12317
12321
12323
12328
12330
12335
12343
12348
12349
12354
12361
12363
12363
12364
12369
12371
12375
12381
12382
12384
12384
12386
12392
12393
12393
12400
12400
12401
12409
12417
12418
12425
12426
12428
12428
12429
12429
12429
12430
12430
12432
12434
12435
12438
12448
12449
12453
12453
12453
12454
12456
12457
12463
12469
12474
12475
12478
12481
12483
12484
12492
12494
12495
12498
12507
12509
12511
12521
12523
12530
12530
12531
12532
12533
12537
12539
12551
12553
12555
12556
12558
12565
12570
12570
12572
12576
12581
12587
12589
12590
12591
12592
12596
12597
12600
12601
12610
12610
12619
12623
12627
12633
12636
12643
12648
12651
12654
12655
12667
12668
12670
12681
12686
12690
12700
12701
12709
12713
12713
12715
12716
12717
12732
12733
12733
12746
12752
12759
12760
12761
12772
12774
12775
12780
12781
12782
12785
12787
12792
12793
12795
12799
12799
12800
12801
12807
12808
12809
12811
12821
12822
12824
12825
12827
12829
12830
12833
12839
12839
12842
12844
12845
12846
12851
12853
12853
12855
12856
12858
12860
12864
12868
12873
12874
12876
12878
12879
12880
12890
12891
12893
12895
12898
12899
12905
12907
12910
12912
12915
12933
12938
12940
12943
12949
12961
12962
12962
12966
12967
12970
12970
12971
12980
12982
12988
12990
12991
12993
12993
12994
13003
13007
13011
13016
13020
13023
13029
13032
13035
13037
13042
13045
13047
13048
13049
13052
13053
13070
13071
13072
13072
13075
13077
13078
13090
13093
13095
13097
13097
13098
13098
13099
13099
13101
13102
13112
13120
13127
13127
13143
13145
13146
13153
13153
13154
13157
13161
13161
13163
13164
13168
13173
13177
13178
13179
13181
13182
13186
13186
13187
13191
13193
13196
13198
13200
13219
13221
13222
13227
13232
13242
13242
13246
13251
13253
13261
13265
13266
13269
13269
13271
13279
13283
13287
13290
13297
13298
13301
13304
13309
13318
13319
13324
13326
13336
13337
13344
13348
13350
13352
13355
13357
13358
13359
13364
13366
13371
13372
13377
13378
13386
13389
13407
13411
13418
13420
13421
13424
13425
13428
13430
13430
13431
13434
13441
13441
13441
13446
13454
13457
13457
13459
13461
13474
13482
13484
13489
13490
13492
13494
13495
13496
13498
13499
13502
13503
13505
13508
13510
13515
13523
13523
13524
13528
13528
13529
13529
13531
13531
13532
13534
13536
13540
13541
13543
13546
13549
13561
13561
13571
13574
13581
13582
13588
13590
13592
13602
13606
13609
13610
13611
13615
13623
13625
13625
13626
13627
13636
13638
13640
13646
13649
13653
13660
13662
13663
13666
13669
13670
13676
13678
13680
13683
13687
13688
13696
13697
13697
13698
13700
13704
13706
13709
13710
13713
13717
13717
13728
13738
13738
13739
13744
13744
13748
13748
13751
13762
13765
13770
13776
13776
13779
13793
13799
13800
13808
13817
13820
13822
13823
13823
13824
13825
13827
13827
13829
13831
13832
13837
13839
13840
13840
13841
13844
13846
13848
13850
13850
13855
13857
13859
13859
13860
13863
13866
13872
13873
13881
13885
13886
13891
13891
13892
13897
13900
13906
13915
13917
13923
13942
13942
13943
13943
13949
13954
13957
13957
13959
13965
13966
13980
13983
13989
13989
13992
13997
14001
14002
14005
14007
14010
14033
14035
14037
14040
14042
14042
14046
14046
14048
14049
14050
14072
14076
14078
14081
14088
14094
14094
14099
14100
14102
14107
14113
14117
14122
14124
14131
14132
14135
14136
14148
14149
14149
14152
14153
14159
14161
14167
14177
14177
14182
14185
14188
14190
14190
14196
14203
14206
14207
14212
14215
14218
14224
14229
14230
14243
14243
14251
14253
14267
14273
14282
14285
14287
14297
14301
14302
14304
14305
14305
14308
14309
14311
14312
14318
14319
14321
14325
14325
14325
14330
14331
14334
14339
14342
14344
14348
14348
14350
14350
14353
14355
14360
14362
14363
14363
14365
14370
14376
14386
14388
14399
14399
14399
14410
14411
14415
14420
14420
14420
14423
14427
14427
14428
14432
14433
14446
14452
14455
14456
14464
14467
14469
14470
14470
14471
14472
14474
14479
14480
14491
14495
14497
14497
14499
14500
14501
14503
14508
14512
14513
14513
14513
14516
14518
14519
14520
14529
14534
14536
14542
14547
14550
14552
14555
14560
14564
14570
14571
14576
14579
14583
14586
14589
14597
14598
14598
14599
14608
14608
14610
14611
14612
14614
14622
14623
14627
14628
14631
14633
14640
14645
14645
14646
14651
14654
14656
14656
14662
14666
14669
14670
14673
14673
14679
14680
14680
14681
14686
14688
14689
14693
14697
14699
14701
14703
14708
14708
14708
14713
14718
14720
14720
14731
14731
14732
14736
14738
14742
14743
14744
14745
14751
14755
14777
14783
14784
14784
14789
14791
14797
14800
14802
14804
14805
14811
14816
14819
14823
14829
14832
14833
14836
14837
14837
14841
14855
14858
14859
14862
14871
14872
14873
14887
14893
14898
14902
14917
14919
14921
14923
14926
14927
14929
14931
14932
14932
14933
14935
14941
14942
14946
14946
14950
14951
14955
14961
14962
14973
14973
14976
14990
14992
14995
14997
15001
15003
15004
15008
15011
15012
15020
15020
15020
15022
15025
15031
15031
15042
15042
15047
15051
15053
15056
15063
15064
15064
15065
15072
15075
15080
15082
15103
15108
15110
15113
15115
15121
15130
15130
15131
15133
15136
15141
15142
15143
15146
15149
15151
15152
15160
15163
15169
15173
15173
15182
15186
15196
15196
15197
15197
15198
15200
15201
15202
15204
15208
15209
15218
15234
15240
15242
15248
15250
15251
15252
15252
15255
15258
15260
15260
15261
15265
15273
15274
15277
15277
15283
15284
15291
15296
15300
15301
15301
15303
15303
15314
15316
15317
15320
15323
15332
15337
15339
15341
15341
15341
15346
15348
15348
15351
15353
15356
15361
15367
15367
15373
15378
15388
15389
15390
15390
15391
15402
15403
15405
15406
15410
15413
15416
15424
15425
15427
15427
15430
15433
15439
15448
15452
15462
15464
15465
15466
15467
15468
15468
15469
15470
15473
15474
15476
15478
15481
15483
15485
15485
15486
15498
15498
15498
15501
15506
15515
15517
15536
15537
15538
15539
15542
15548
15553
15556
15558
15566
15569
15573
15574
15580
15580
15581
15582
15586
15589
15589
15594
15599
15600
15604
15604
15604
15605
15607
15614
15622
15626
15628
15633
15640
15642
15646
15655
15657
15669
15670
15671
15672
15675
15682
15686
15686
15689
15694
15694
15695
15695
15697
15701
15703
15708
15711
15712
15716
15718
15718
15728
15732
15738
15739
15742
15746
15746
15747
15748
15749
15749
15751
15758
15759
15772
15773
15781
15787
15789
15790
15790
15790
15802
15805
15805
15807
15808
15809
15809
15811
15815
15816
15819
15822
15824
15825
15826
15826
15830
15831
15831
15834
15837
15837
15837
15840
15844
15845
15846
15847
15856
15857
15860
15864
15878
15879
15883
15885
15887
15888
15889
15891
15893
15899
15901
15905
15906
15908
15917
15919
15922
15922
15932
15938
15953
15957
15963
15968
15971
15973
15975
15976
15978
15979
15982
15984
15984
15984
15985
15998
16003
16005
16011
16013
16018
16020
16023
16024
16026
16027
16027
16036
16039
16044
16053
16054
16055
16058
16062
16062
16066
16068
16068
16069
16077
16083
16091
16095
16096
16098
16107
16115
16116
16117
16118
16119
16119
16120
16124
16126
16126
16144
16147
16155
16156
16157
16157
16158
16159
16159
16162
16164
16164
16166
16168
16168
16169
16169
16169
16170
16171
16178
16183
16185
16189
16190
16191
16194
16203
16207
16207
16215
16216
16224
16232
16232
16248
16249
16251
16251
16260
16265
16275
16275
16279
16280
16285
16299
16303
16304
16306
16307
16313
16314
16315
16337
16344
16347
16350
16352
16357
16358
16360
16362
16367
16370
16372
16376
16381
16387
16387
16389
16390
16391
16392
16397
16399
16405
16406
16408
16408
16411
16417
16420
16421
16424
16427
16429
16432
16434
16435
16435
16437
16440
16443
16445
16451
16452
16456
16459
16460
16460
16461
16463
16465
16468
16468
16470
16479
16486
16487
16487
16487
16495
16505
16508
16509
16512
16515
16517
16518
16518
16521
16528
16529
16529
16529
16529
16530
16532
16532
16534
16535
16539
16540
16542
16545
16552
16552
16554
16556
16556
16557
16561
16565
16565
16569
16574
16579
16580
16584
16600
16600
16601
16602
16603
16604
16609
16609
16615
16622
16630
16630
16635
16637
16646
16648
16649
16658
16659
16660
16661
16663
16664
16665
16668
16670
16673
16674
16675
16678
16679
16680
16680
16682
16682
16687
16694
16695
16696
16707
16707
16708
16709
16710
16710
16713
16717
16723
16727
16730
16732
16738
16742
16742
16744
16746
16746
16747
16747
16749
16749
16750
16757
16758
16759
16760
16763
16768
16773
16774
16780
16782
16785
16786
16793
16795
16796
16799
16800
16802
16804
16807
16812
16812
16817
16820
16827
16829
16830
16834
16835
16839
16842
16843
16847
16848
16856
16858
16860
16865
16866
16866
16867
16871
16881
16882
16883
16886
16891
16893
16895
16903
16908
16910
16915
16918
16919
16920
16920
16924
16927
16929
16935
16935
16936
16939
16941
16942
16945
16947
16948
16949
16959
16969
16976
16977
16978
16981
16982
16987
16990
16990
16993
16993
16995
16999
16999
17001
17002
17009
17013
17015
17015
17022
17027
17027
17027
17029
17033
17037
17042
17045
17049
17054
17055
17056
17057
17063
17064
17068
17070
17078
17078
17078
17096
17097
17098
17101
17105
17111
17114
17122
17124
17129
17130
17134
17149
17150
17151
17156
17159
17160
17163
17164
17168
17169
17170
17171
17178
17185
17189
17190
17191
17197
17199
17202
17205
17208
17210
17210
17211
17214
17215
17225
17230
17232
17234
17246
17249
17252
17256
17266
17269
17273
17277
17278
17288
17289
17289
17296
17296
17304
17305
17314
17320
17327
17328
17333
17335
17335
17335
17336
17337
17337
17342
17358
17363
17364
17370
17374
17385
17386
17388
17396
17399
17403
17406
17410
17417
17421
17424
17432
17433
17436
17439
17439
17459
17464
17475
17475
17479
17480
17481
17482
17482
17484
17485
17486
17491
17492
17493
17499
17501
17506
17506
17508
17518
17521
17526
17526
17527
17534
17535
17536
17537
17538
17544
17556
17558
17558
17563
17564
17567
17568
17574
17575
17576
17581
17582
17589
17591
17592
17595
17596
17599
17602
17623
17623
17624
17629
17631
17632
17634
17638
17641
17645
17646
17646
17646
17648
17649
17667
17674
17675
17683
17683
17683
17697
17698
17704
17706
17708
17709
17710
17715
17715
17719
17722
17723
17724
17726
17730
17731
17732
17737
17742
17748
17749
17753
17755
17756
17757
17758
17759
17762
17764
17766
17767
17769
17772
17777
17778
17779
17792
17794
17796
17798
17801
17812
17812
17815
17820
17837
17840
17842
17843
17846
17853
17857
17859
17861
17863
17865
17866
17871
17875
17876
17878
17880
17885
17889
17890
17902
17904
17921
17929
17929
17933
17937
17956
17957
17965
17971
17972
17983
17987
17992
17997
18000
18002
18012
18013
18018
18018
18018
18019
18020
18023
18025
18035
18039
18043
18045
18047
18054
18056
18056
18060
18061
18064
18070
18070
18078
18087
18095
18097
18106
18106
18107
18110
18120
18121
18122
18126
18139
18139
18141
18144
18150
18150
18152
18152
18153
18167
18172
18178
18181
18184
18188
18197
18197
18199
18199
18201
18202
18206
18214
18221
18222
18227
18227
18234
18246
18247
18249
18249
18255
18255
18256
18259
18259
18261
18264
18265
18266
18266
18270
18271
18272
18275
18277
18280
18290
18293
18294
18297
18305
18305
18308
18309
18319
18320
18322
18323
18327
18334
18337
18344
18354
18361
18363
18364
18364
18365
18366
18367
18369
18372
18373
18375
18387
18388
18389
18392
18401
18403
18407
18409
18413
18424
18425
18427
18429
18431
18432
18433
18436
18441
18443
18443
18445
18447
18448
18448
18448
18458
18462
18463
18466
18477
18481
18482
18485
18487
18488
18489
18497
18499
18508
18509
18515
18516
18519
18525
18526
18527
18529
18536
18536
18543
18546
18551
18551
18558
18563
18564
18572
18581
18585
18586
18586
18587
18587
18591
18599
18601
18605
18608
18611
18617
18617
18620
18625
18626
18630
18632
18634
18638
18639
18640
18643
18646
18649
18661
18666
18670
18670
18682
18685
18691
18691
18692
18694
18695
18696
18698
18699
18699
18703
18713
18724
18726
18728
18731
18731
18733
18733
18737
18745
18747
18750
18751
18755
18755
18768
18769
18769
18771
18773
18781
18783
18785
18788
18789
18791
18794
18794
18795
18798
18803
18805
18805
18817
18825
18834
18836
18841
18842
18842
18846
18847
18849
18851
18852
18859
18859
18860
18863
18863
18869
18875
18879
18880
18887
18889
18889
18893
18896
18900
18902
18902
18903
18906
18908
18911
18911
18917
18918
18920
18926
18928
18936
18938
18943
18946
18956
18957
18957
18958
18967
18969
18972
18979
18981
18987
18989
18990
18992
18992
18995
19000
19001
19001
19005
19015
19018
19022
19031
19036
19037
19040
19041
19041
19050
19055
19060
19062
19063
19071
19072
19072
19074
19078
19078
19078
19079
19081
19086
19086
19087
19093
19101
19108
19110
19115
19118
19122
19123
19126
19131
19139
19146
19147
19151
19161
19163
19168
19169
19171
19175
19192
19197
19201
19213
19214
19220
19225
19230
19233
19238
19241
19241
19242
19242
19243
19259
19263
19270
19272
19275
19275
19276
19277
19280
19281
19287
19287
19288
19289
19289
19294
19295
19296
19298
19301
19302
19304
19305
19313
19313
19316
19321
19326
19331
19332
19332
19334
19334
19335
19336
19338
19338
19341
19342
19342
19347
19347
19351
19355
19368
19372
19378
19378
19389
19389
19390
19392
19392
19392
19395
19397
19399
19401
19402
19403
19406
19408
19408
19412
19419
19420
19421
19421
19421
19423
19427
19429
19429
19429
19431
19431
19431
19433
19437
19437
19448
19451
19456
19459
19474
19475
19477
19480
19489
19490
19490
19493
19493
19505
19507
19509
19527
19530
19533
19534
19535
19538
19542
19549
19549
19550
19554
19559
19559
19562
19564
19564
19566
19570
19574
19580
19588
19589
19593
19594
19599
19599
19599
19600
19601
19602
19603
19603
19610
19611
19612
19616
19626
19631
19634
19635
19636
19637
19638
19645
19661
19663
19670
19672
19674
19674
19674
19676
19679
19684
19684
19685
19686
19687
19690
19699
19710
19710
19711
19712
19715
19716
19724
19726
19728
19728
19729
19732
19738
19741
19742
19757
19760
19761
19766
19775
19778
19779
19782
19785
19789
19789
19789
19789
19790
19793
19794
19812
19813
19827
19830
19830
19834
19837
19841
19843
19849
19855
19862
19865
19868
19871
19872
19873
19879
19879
19880
19880
19883
19885
19886
19887
19889
19893
19894
19897
19899
19905
19909
19909
19916
19916
19918
19926
19931
19932
19933
19934
19939
19939
19940
19943
19946
19946
19947
19955
19965
19970
19986
19987
19992
19992
19992
19995
19996
19999
20001
20002
20003
20006
20007
20010
20021
20022
20023
20023
20026
20031
20032
20033
20035
20037
20044
20046
20047
20049
20049
20051
20051
20052
20053
20056
20057
20060
20065
20069
20071
20073
20073
20074
20077
20080
20081
20081
20087
20089
20089
20090
20096
20097
20099
20102
20104
20108
20109
20109
20113
20113
20115
20121
20122
20123
20124
20124
20128
20128
20130
20134
20139
20140
20140
20146
20149
20151
20154
20155
20158
20160
20163
20173
20175
20175
20178
20182
20182
20185
20185
20187
20192
20192
20194
20200
20202
20213
20214
20219
20220
20224
20225
20226
20230
20234
20239
20239
20240
20243
20245
20246
20247
20249
20250
20251
20254
20258
20259
20262
20265
20268
20268
20271
20274
20276
20288
20296
20297
20297
20301
20303
20304
20307
20309
20315
20315
20318
20319
20323
20331
20333
20334
20336
20342
20343
20345
20350
20357
20359
20372
20377
20380
20384
20385
20393
20393
20396
20398
20404
20407
20409
20410
20416
20423
20423
20425
20428
20432
20437
20441
20444
20446
20450
20453
20454
20458
20462
20465
20467
20481
20485
20485
20486
20493
20498
20499
20501
20504
20511
20513
20517
20527
20527
20528
20536
20541
20548
20564
20571
20572
20577
20580
20581
20583
20583
20586
20590
20590
20595
20598
20602
20602
20606
20607
20609
20610
20612
20624
20625
20626
20628
20629
20636
20638
20642
20647
20652
20654
20659
20661
20663
20666
20666
20667
20674
20674
20676
20676
20683
20683
20686
20691
20694
20696
20698
20702
20704
20710
20716
20723
20723
20734
20737
20741
20765
20769
20770
20771
20772
20775
20788
20791
20803
20806
20823
20826
20830
20833
20837
20839
20843
20844
20846
20846
20851
20863
20874
20879
20880
20885
20885
20887
20888
20889
20893
20895
20895
20896
20901
20903
20910
20922
20923
20924
20925
20949
20961
20966
20967
20968
20974
20975
20977
20978
20980
20980
20981
20987
20992
20994
20997
20999
21000
21001
21011
21011
21012
21015
21018
21024
21028
21030
21030
21031
21032
21033
21035
21036
21043
21048
21049
21053
21058
21058
21062
21064
21066
21072
21072
21079
21087
21100
21101
21110
21112
21121
21124
21130
21140
21143
21149
21150
21152
21154
21168
21171
21181
21184
21188
21189
21191
21196
21196
21198
21200
21207
21214
21217
21218
21220
21221
21225
21226
21226
21228
21228
21229
21232
21235
21236
21237
21239
21243
21244
21254
21259
21261
21263
21265
21265
21268
21273
21275
21278
21278
21279
21280
21282
21284
21289
21291
21294
21300
21306
21309
21309
21311
21312
21316
21326
21327
21334
21348
21350
21352
21354
21358
21365
21366
21372
21372
21373
21374
21379
21379
21382
21388
21388
21395
21400
21407
21407
21408
21414
21414
21415
21416
21420
21422
21423
21435
21436
21440
21444
21449
21453
21454
21455
21456
21466
21468
21470
21471
21472
21476
21477
21486
21493
21497
21510
21511
21511
21512
21512
21514
21515
21532
21540
21540
21541
21543
21547
21551
21553
21554
21555
21566
21569
21576
21577
21578
21579
21587
21590
21592
21598
21599
21599
21610
21612
21614
21616
21617
21617
21617
21623
21628
21632
21635
21637
21641
21645
21652
21655
21656
21656
21658
21658
21658
21663
21665
21666
21666
21667
21668
21671
21672
21676
21677
21687
21689
21697
21698
21703
21705
21705
21706
21708
21710
21715
21727
21731
21733
21742
21742
21752
21755
21757
21758
21763
21764
21765
21771
21772
21774
21781
21788
21790
21796
21799
21800
21802
21802
21811
21813
21825
21828
21830
21837
21838
21851
21851
21853
21864
21872
21873
21873
21877
21877
21879
21880
21884
21886
21886
21888
21890
21892
21897
21898
21908
21911
21915
21918
21920
21927
21938
21942
21944
21945
21946
21947
21950
21950
21959
21961
21965
21971
21972
21972
21978
21979
21981
21988
21991
21992
21995
21999
21999
22000
22001
22001
22002
22004
22008
22008
22010
22013
22024
22030
22039
22040
22047
22051
22054
22060
22071
22074
22079
22093
22098
22114
22115
22117
22118
22122
22123
22127
22128
22133
22135
22146
22149
22149
22158
22163
22171
22171
22175
22192
22195
22197
22197
22197
22199
22200
22204
22213
22213
22215
22215
22218
22218
22219
22222
22223
22228
22236
22237
22239
22241
22241
22244
22245
22246
22251
22252
22252
22254
22255
22266
22268
22272
22273
22280
22282
22285
22287
22289
22292
22297
22307
22318
22318
22322
22322
22323
22328
22330
22336
22341
22350
22352
22354
22356
22360
22362
22375
22376
22378
22380
22381
22390
22395
22395
22401
22417
22418
22419
22421
22431
22432
22435
22441
22442
22446
22447
22447
22453
22456
22457
22458
22472
22474
22475
22475
22476
22484
22487
22498
22503
22504
22508
22512
22516
22517
22518
22518
22529
22534
22535
22536
22542
22542
22545
22547
22549
22570
22576
22587
22589
22593
22595
22602
22606
22612
22614
22616
22617
22635
22636
22638
22645
22649
22649
22650
22655
22657
22659
22660
22663
22663
22665
22670
22676
22678
22682
22690
22693
22695
22697
22700
22703
22709
22714
22722
22731
22732
22733
22744
22752
22753
22754
22755
22756
22757
22758
22760
22763
22764
22765
22767
22768
22768
22771
22773
22774
22775
22776
22780
22785
22789
22789
22790
22791
22795
22796
22800
22800
22804
22809
22812
22815
22825
22826
22827
22828
22828
22829
22842
22844
22847
22854
22854
22855
22856
22856
22860
22862
22863
22866
22867
22868
22868
22873
22873
22895
22910
22913
22916
22921
22922
22924
22925
22925
22928
22931
22931
22936
22941
22942
22942
22948
22948
22949
22949
22961
22971
22976
22976
22977
22982
22987
22990
22990
22999
23001
23002
23005
23009
23011
23011
23014
23014
23015
23019
23039
23040
23049
23056
23057
23058
23059
23066
23069
23073
23074
23077
23079
23082
23085
23089
23089
23100
23103
23105
23110
23111
23113
23117
23123
23124
23128
23129
23138
23140
23140
23142
23143
23143
23152
23152
23154
23157
23161
23161
23161
23165
23177
23178
23184
23184
23187
23188
23188
23194
23200
23201
23206
23209
23209
23215
23217
23222
23224
23225
23230
23231
23236
23239
23240
23244
23244
23251
23251
23254
23255
23258
23259
23259
23260
23263
23268
23269
23270
23274
23282
23284
23284
23286
23290
23297
23297
23300
23311
23311
23315
23319
23324
23325
23329
23342
23344
23345
23350
23354
23356
23356
23358
23359
23361
23362
23363
23365
23367
23371
23373
23374
23375
23376
23381
23385
23393
23398
23398
23399
23401
23405
23411
23415
23421
23426
23430
23432
23433
23439
23440
23441
23441
23444
23444
23446
23448
23454
23465
23466
23480
23480
23480
23483
23485
23490
23491
23493
23495
23496
23498
23498
23501
23504
23504
23504
23507
23511
23512
23515
23519
23521
23529
23530
23536
23537
23541
23553
23558
23562
23563
23564
23565
23565
23566
23573
23575
23576
23577
23577
23589
23595
23595
23601
23606
23610
23614
23615
23616
23616
23623
23628
23629
23637
23637
23637
23640
23646
23651
23651
23653
23654
23657
23660
23667
23669
23670
23678
23684
23688
23693
23693
23697
23698
23703
23706
23708
23709
23711
23712
23713
23715
23717
23721
23721
23723
23723
23727
23728
23730
23731
23732
23733
23733
23735
23737
23739
23741
23742
23742
23743
23744
23746
23750
23750
23763
23763
23766
23774
23778
23784
23796
23803
23807
23813
23815
23816
23819
23825
23826
23827
23829
23829
23830
23832
23835
23849
23854
23854
23854
23854
23854
23861
23862
23872
23872
23875
23879
23884
23886
23889
23890
23894
23898
23899
23901
23903
23903
23906
23909
23910
23911
23911
23914
23915
23917
23921
23924
23925
23931
23938
23945
23949
23949
23950
23953
23954
23956
23961
23962
23970
23975
23976
23979
23981
23983
23985
23987
23988
23990
23991
23992
23996
23999
24007
24011
24011
24016
24018
24021
24023
24029
24030
24030
24033
24038
24044
24048
24052
24053
24059
24069
24070
24074
24089
24090
24090
24091
24093
24098
24099
24099
24101
24108
24108
24112
24114
24118
24120
24121
24126
24127
24136
24137
24142
24143
24143
24145
24148
24149
24150
24151
24153
24154
24157
24161
24171
24174
24176
24183
24186
24189
24189
24192
24193
24196
24198
24199
24199
24200
24207
24208
24213
24215
24220
24221
24222
24232
24240
24248
24248
24249
24251
24253
24253
24254
24255
24260
24265
24273
24275
24275
24277
24290
24290
24295
24297
24306
24307
24308
24309
24310
24310
24310
24315
24320
24321
24325
24330
24334
24334
24338
24340
24340
24340
24342
24344
24356
24360
24363
24364
24365
24367
24369
24374
24375
24377
24385
24391
24394
24395
24396
24403
24407
24408
24411
24414
24426
24428
24432
24433
24434
24437
24444
24446
24451
24452
24456
24457
24458
24460
24463
24465
24466
24469
24473
24484
24484
24484
24485
24487
24494
24494
24502
24503
24509
24511
24513
24516
24520
24523
24545
24546
24548
24560
24563
24566
24568
24569
24569
24570
24575
24577
24578
24578
24579
24584
24588
24588
24589
24589
24592
24596
24601
24605
24606
24610
24611
24611
24612
24615
24620
24625
24625
24628
24629
24632
24632
24637
24641
24645
24648
24648
24650
24651
24653
24655
24658
24660
24661
24667
24668
24668
24678
24679
24681
24684
24685
24687
24687
24689
24689
24693
24696
24697
24700
24707
24711
24712
24725
24727
24738
24744
24745
24746
24746
24752
24753
24755
24755
24756
24761
24763
24767
24767
24768
24768
24772
24778
24782
24783
24783
24795
24805
24805
24805
24807
24808
24808
24812
24812
24815
24816
24822
24828
24829
24832
24833
24835
24836
24844
24846
24848
24848
24854
24854
24854
24862
24865
24865
24873
24882
24883
24885
24886
24886
24897
24898
24915
24915
24917
24921
24923
24926
24940
24943
24944
24947
24949
24956
24960
24965
24968
24969
24978
24980
24988
24989
24996
24998
25003
25006
25006
25007
25013
25013
25023
25028
25028
25029
25031
25031
25032
25035
25042
25049
25055
25055
25066
25068
25072
25072
25075
25076
25080
25082
25086
25087
25089
25091
25091
25094
25097
25099
25104
25107
25111
25111
25113
25114
25119
25119
25121
25123
25126
25126
25128
25135
25138
25138
25146
25148
25149
25151
25152
25153
25153
25156
25157
25157
25158
25167
25169
25176
25176
25178
25193
25193
25199
25202
25203
25209
25210
25213
25216
25219
25219
25228
25231
25242
25243
25247
25248
25249
25252
25253
25254
25267
25267
25273
25278
25278
25283
25283
25284
25285
25286
25299
25305
25311
25314
25315
25316
25317
25326
25327
25329
25332
25333
25335
25336
25339
25339
25339
25342
25342
25343
25344
25345
25346
25347
25355
25359
25369
25370
25373
25376
25379
25385
25387
25390
25396
25396
25401
25402
25413
25415
25415
25416
25419
25419
25425
25433
25435
25436
25436
25437
25437
25439
25440
25440
25442
25445
25448
25448
25456
25458
25469
25473
25490
25494
25496
25498
25501
25508
25512
25513
25514
25514
25519
25520
25521
25522
25522
25523
25527
25533
25547
25552
25553
25554
25556
25558
25559
25570
25572
25572
25574
25580
25584
25587
25588
25589
25602
25603
25604
25605
25610
25614
25614
25616
25618
25622
25623
25625
25627
25633
25646
25647
25648
25653
25655
25660
25661
25664
25666
25667
25669
25670
25672
25687
25688
25688
25688
25692
25692
25694
25703
25706
25710
25711
25711
25712
25712
25712
25717
25720
25727
25728
25730
25731
25734
25738
25739
25742
25743
25745
25761
25761
25762
25767
25768
25774
25775
25776
25779
25779
25790
25797
25801
25808
25809
25810
25812
25815
25818
25818
25822
25822
25827
25834
25836
25836
25841
25842
25843
25843
25844
25853
25854
25863
25863
25864
25868
25870
25871
25875
25881
25882
25884
25885
25887
25891
25891
25898
25899
25899
25906
25908
25910
25912
25917
25924
25924
25931
25932
25937
25937
25941
25946
25946
25948
25951
25952
25954
25956
25959
25961
25963
25963
25965
25970
25971
25978
25979
25987
25994
26011
26013
26013
26014
26017
26029
26031
26032
26032
26032
26034
26036
26038
26040
26042
26045
26046
26047
26047
26048
26052
26052
26053
26053
26053
26054
26058
26059
26061
26062
26064
26066
26069
26072
26090
26092
26097
26097
26100
26101
26102
26107
26108
26124
26128
26130
26140
26142
26144
26148
26158
26159
26170
26183
26188
26189
26193
26198
26198
26207
26221
26226
26235
26235
26240
26240
26242
26242
26243
26246
26248
26249
26252
26253
26257
26257
26259
26259
26261
26264
26269
26273
26273
26281
26282
26284
26284
26284
26284
26286
26289
26290
26297
26300
26307
26315
26316
26319
26319
26319
26334
26342
26348
26352
26355
26358
26359
26359
26362
26363
26369
26369
26378
26378
26378
26384
26392
26397
26397
26397
26398
26403
26410
26410
26421
26422
26435
26436
26445
26451
26453
26454
26458
26458
26463
26464
26466
26467
26469
26472
26475
26475
26479
26481
26488
26488
26492
26493
26494
26495
26502
26512
26515
26519
26519
26520
26526
26533
26535
26535
26535
26540
26545
26546
26547
26548
26548
26549
26552
26560
26561
26566
26571
26571
26573
26574
26574
26577
26577
26583
26584
26588
26591
26598
26603
26604
26605
26610
26614
26614
26615
26618
26623
26625
26634
26634
26634
26638
26639
26640
26644
26646
26647
26647
26647
26650
26656
26658
26664
26665
26665
26667
26677
26680
26694
26702
26707
26711
26718
26721
26723
26727
26730
26733
26737
26737
26742
26743
26744
26745
26745
26746
26748
26754
26758
26760
26767
26768
26769
26773
26774
26775
26777
26784
26785
26794
26796
26803
26804
26805
26810
26815
26818
26818
26825
26832
26835
26838
26843
26845
26845
26850
26853
26857
26857
26858
26859
26863
26873
26878
26883
26883
26889
26891
26893
26898
26902
26910
26912
26912
26914
26914
26917
26917
26922
26924
26927
26930
26939
26945
26948
26950
26952
26957
26960
26962
26964
26967
26972
26979
26980
26987
26989
27002
27007
27007
27008
27009
27011
27015
27019
27020
27023
27024
27026
27032
27033
27038
27041
27048
27051
27051
27052
27055
27058
27059
27059
27065
27068
27069
27072
27074
27080
27085
27086
27086
27093
27104
27105
27110
27110
27115
27117
27120
27122
27124
27126
27128
27129
27129
27131
27136
27138
27139
27140
27145
27147
27152
27156
27159
27160
27164
27164
27165
27177
27182
27183
27183
27185
27188
27197
27202
27207
27209
27228
27230
27245
27245
27251
27255
27262
27264
27265
27270
27276
27279
27287
27290
27294
27295
27296
27296
27298
27302
27306
27308
27308
27310
27313
27314
27315
27316
27323
27324
27327
27336
27337
27338
27339
27340
27345
27359
27376
27377
27378
27396
27396
27397
27397
27398
27399
27400
27403
27403
27415
27415
27415
27417
27418
27419
27424
27427
27434
27436
27440
27445
27447
27448
27453
27454
27455
27456
27457
27457
27461
27463
27465
27470
27474
27475
27486
27487
27488
27493
27495
27496
27500
27502
27503
27509
27511
27516
27522
27522
27524
27526
27528
27529
27531
27536
27538
27542
27549
27550
27554
27554
27560
27564
27565
27569
27587
27588
27591
27591
27593
27596
27599
27602
27605
27607
27608
27614
27617
27618
27627
27628
27630
27635
27640
27641
27644
27656
27659
27669
27669
27670
27671
27675
27680
27682
27685
27686
27689
27691
27697
27698
27701
27705
27706
27708
27710
27710
27719
27721
27722
27725
27733
27734
27734
27742
27745
27753
27755
27757
27761
27762
27762
27764
27777
27777
27780
27781
27784
27784
27789
27796
27798
27805
27809
27815
27816
27816
27819
27824
27825
27829
27830
27835
27840
27842
27842
27845
27848
27848
27848
27849
27849
27850
27854
27858
27861
27864
27874
27877
27877
27878
27883
27886
27887
27888
27889
27891
27893
27897
27901
27904
27906
27907
27912
27912
27919
27921
27928
27935
27936
27937
27938
27952
27954
27961
27967
27971
27971
27971
27978
27979
27980
27988
27991
27994
27997
28000
28000
28001
28009
28010
28010
28011
28013
28016
28018
28025
28027
28027
28028
28029
28029
28030
28031
28032
28038
28038
28043
28044
28052
28054
28062
28062
28066
28068
28069
28070
28071
28074
28076
28079
28081
28082
28083
28101
28102
28103
28105
28107
28111
28116
28125
28127
28129
28130
28134
28135
28140
28144
28146
28155
28156
28156
28163
28171
28175
28175
28176
28176
28181
28183
28186
28195
28196
28202
28212
28213
28221
28224
28229
28233
28235
28237
28242
28244
28244
28244
28247
28248
28251
28260
28262
28263
28264
28266
28267
28267
28268
28271
28272
28273
28275
28276
28278
28278
28281
28282
28283
28283
28285
28290
28293
28294
28300
28301
28304
28312
28315
28319
28326
28327
28329
28330
28331
28338
28343
28343
28346
28351
28353
28358
28364
28365
28374
28375
28375
28378
28381
28383
28385
28390
28394
28395
28398
28402
28404
28405
28412
28415
28417
28430
28432
28432
28435
28439
28440
28444
28445
28445
28447
28448
28461
28464
28472
28472
28474
28481
28485
28486
28487
28488
28488
28496
28516
28527
28528
28530
28530
28534
28534
28536
28538
28539
28540
28540
28543
28553
28557
28567
28569
28575
28577
28580
28585
28585
28587
28587
28594
28595
28597
28599
28602
28603
28606
28610
28613
28613
28619
28619
28626
28629
28631
28635
28637
28639
28640
28657
28657
28661
28664
28665
28666
28670
28672
28672
28673
28673
28673
28674
28678
28695
28696
28699
28710
28713
28719
28722
28723
28724
28726
28727
28735
28738
28742
28743
28745
28751
28754
28756
28758
28759
28760
28768
28770
28772
28776
28777
28780
28783
28785
28790
28790
28803
28813
28815
28816
28818
28834
28837
28838
28839
28846
28849
28849
28851
28852
28853
28855
28856
28858
28864
28866
28869
28877
28883
28884
28887
28888
28894
28896
28897
28914
28916
28921
28925
28929
28932
28934
28935
28938
28941
28941
28944
28950
28954
28961
28966
28971
28972
28989
28989
28991
28992
29001
29004
29005
29006
29009
29013
29015
29018
29019
29020
29021
29023
29038
29039
29048
29054
29056
29057
29057
29063
29064
29065
29069
29080
29081
29085
29085
29086
29088
29088
29090
29093
29110
29114
29117
29118
29121
29121
29122
29122
29127
29129
29130
29132
29135
29137
29137
29138
29138
29141
29155
29156
29162
29170
29170
29170
29171
29174
29175
29179
29181
29183
29185
29196
29198
29204
29205
29207
29211
29213
29214
29223
29223
29224
29227
29227
29230
29232
29234
29243
29245
29247
29248
29252
29255
29259
29259
29261
29266
29266
29267
29267
29269
29271
29273
29274
29275
29278
29279
29279
29281
29282
29286
29287
29289
29289
29289
29291
29292
29298
29300
29308
29309
29310
29321
29332
29332
29341
29343
29344
29346
29348
29348
29349
29356
29362
29364
29368
29370
29373
29376
29379
29384
29386
29386
29387
29391
29393
29396
29401
29401
29403
29404
29405
29406
29407
29407
29411
29414
29425
29426
29427
29428
29428
29433
29438
29439
29439
29447
29449
29449
29450
29451
29456
29457
29461
29461
29465
29472
29485
29488
29489
29497
29497
29498
29508
29509
29512
29515
29524
29526
29526
29527
29529
29535
29539
29540
29540
29540
29543
29545
29546
29549
29553
29555
29555
29556
29558
29559
29561
29565
29566
29571
29571
29572
29575
29580
29591
29591
29591
29598
29599
29605
29607
29611
29616
29618
29624
29624
29624
29626
29632
29641
29644
29656
29658
29661
29665
29667
29673
29673
29673
29675
29678
29680
29684
29692
29694
29695
29698
29698
29702
29703
29708
29709
29711
29721
29723
29724
29725
29727
29732
29738
29739
29742
29743
29745
29747
29747
29750
29752
29754
29755
29760
29761
29761
29761
29764
29766
29766
29772
29776
29779
29780
29784
29785
29786
29788
29790
29794
29801
29803
29818
29825
29827
29828
29830
29833
29839
29846
29849
29851
29868
29869
29876
29878
29879
29880
29884
29886
29888
29891
29892
29895
29901
29903
29904
29910
29910
29912
29923
29932
29936
29936
29939
29940
29941
29942
29954
29957
29960
29967
29968
29974
29976
29978
29979
29982
29993
29997
30008
30009
30019
30021
30024
30025
30030
30039
30040
30051
30053
30055
30061
30068
30069
30069
30072
30072
30080
30085
30087
30094
30095
30096
30101
30101
30101
30105
30110
30111
30115
30116
30116
30128
30129
30131
30132
30137
30140
30142
30148
30155
30158
30161
30167
30169
30170
30177
30181
30182
30182
30186
30189
30194
30195
30202
30203
30204
30205
30208
30212
30214
30217
30217
30218
30219
30221
30224
30227
30228
30228
30236
30239
30240
30245
30246
30250
30253
30254
30258
30258
30268
30268
30272
30276
30281
30281
30292
30292
30293
30295
30298
30302
30302
30305
30312
30312
30318
30320
30321
30325
30328
30333
30333
30337
30338
30338
30340
30341
30342
30342
30342
30349
30350
30366
30372
30372
30376
30376
30378
30379
30383
30388
30396
30398
30401
30404
30410
30411
30415
30415
30418
30419
30420
30428
30430
30431
30442
30446
30449
30458
30466
30468
30469
30470
30472
30473
30479
30479
30480
30481
30487
30492
30493
30497
30498
30499
30507
30510
30512
30513
30514
30514
30514
30514
30520
30523
30524
30526
30528
30530
30532
30537
30541
30544
30547
30547
30549
30550
30555
30569
30573
30593
30599
30613
30616
30621
30625
30648
30649
30650
30652
30653
30657
30658
30659
30660
30666
30666
30667
30671
30675
30675
30676
30679
30681
30681
30686
30688
30691
30700
30703
30704
30716
30719
30721
30724
30728
30739
30743
30744
30749
30750
30757
30757
30763
30765
30770
30777
30781
30784
30789
30804
30804
30817
30818
30818
30826
30826
30832
30832
30835
30837
30838
30839
30840
30850
30859
30867
30871
30873
30875
30875
30877
30878
30879
30881
30883
30884
30884
30884
30892
30892
30894
30897
30904
30911
30911
30912
30916
30923
30926
30926
30928
30932
30937
30939
30942
30944
30947
30949
30952
30953
30953
30955
30962
30964
30977
30981
30983
30984
30986
30987
30987
30990
30993
30999
31000
31000
31001
31003
31003
31005
31010
31010
31012
31014
31018
31020
31027
31028
31031
31038
31038
31045
31048
31050
31054
31056
31057
31060
31066
31068
31075
31077
31087
31089
31089
31096
31098
31101
31102
31105
31109
31115
31118
31122
31140
31141
31146
31147
31154
31155
31156
31158
31173
31176
31183
31187
31187
31188
31193
31198
31199
31202
31202
31203
31205
31206
31207
31209
31209
31211
31217
31221
31229
31234
31240
31244
31245
31248
31249
31251
31251
31259
31261
31261
31265
31265
31269
31276
31276
31276
31284
31287
31290
31292
31293
31294
31297
31297
31307
31308
31308
31313
31324
31325
31326
31327
31333
31334
31338
31340
31344
31345
31359
31360
31365
31367
31371
31374
31381
31384
31384
31392
31402
31402
31404
31406
31409
31410
31411
31413
31413
31414
31415
31416
31423
31423
31426
31426
31436
31438
31439
31442
31444
31447
31452
31453
31456
31456
31460
31460
31461
31467
31470
31472
31473
31474
31476
31479
31483
31484
31485
31487
31502
31503
31503
31505
31510
31518
31519
31524
31527
31531
31534
31538
31539
31541
31548
31552
31565
31571
31577
31579
31582
31583
31587
31593
31595
31596
31603
31605
31608
31609
31610
31616
31619
31619
31625
31629
31629
31629
31635
31640
31643
31646
31651
31655
31662
31666
31668
31673
31673
31674
31676
31679
31687
31697
31698
31699
31703
31704
31705
31706
31706
31712
31712
31715
31716
31720
31725
31725
31730
31731
31732
31734
31738
31741
31745
31748
31761
31762
31763
31763
31765
31768
31777
31779
31780
31784
31784
31793
31794
31795
31799
31800
31801
31801
31803
31805
31806
31806
31809
31822
31823
31825
31826
31827
31830
31839
31842
31843
31846
31846
31850
31850
31853
31861
31865
31866
31871
31876
31878
31880
31881
31883
31884
31884
31885
31889
31892
31902
31905
31912
31914
31915
31916
31916
31919
31921
31925
31930
31933
31933
31940
31942
31942
31946
31948
31949
31963
31964
31965
31966
31967
31970
31970
31973
31980
31990
31994
31995
31996
32003
32008
32014
32016
32019
32022
32023
32027
32038
32042
32045
32048
32052
32052
32057
32060
32061
32063
32073
32079
32080
32082
32088
32088
32092
32092
32093
32094
32096
32097
32099
32100
32102
32105
32109
32112
32115
32118
32127
32129
32131
32131
32132
32135
32136
32141
32147
32150
32158
32160
32172
32178
32179
32185
32189
32192
32192
32193
32197
32198
32206
32209
32213
32217
32223
32229
32239
32241
32244
32245
32252
32259
32263
32265
32267
32271
32272
32273
32288
32290
32295
32296
32297
32299
32303
32303
32309
32311
32312
32317
32317
32318
32319
32328
32330
32330
32343
32343
32348
32348
32349
32349
32353
32358
32359
32361
32369
32386
32386
32387
32389
32394
32407
32408
32412
32419
32420
32420
32421
32423
32430
32432
32439
32441
32442
32445
32446
32448
32449
32453
32454
32454
32455
32456
32458
32463
32465
32467
32468
32468
32474
32474
32475
32478
32482
32485
32489
32489
32492
32495
32500
32501
32505
32512
32513
32517
32518
32518
32521
32521
32526
32530
32532
32536
32536
32540
32544
32545
32546
32552
32554
32563
32565
32569
32569
32572
32586
32598
32601
32610
32612
32618
32622
32622
32623
32624
32625
32625
32628
32631
32634
32637
32638
32640
32642
32643
32649
32649
32650
32660
32660
32661
32665
32667
32670
32671
32675
32684
32689
32693
32701
32707
32711
32713
32715
32718
32734
32739
32740
32744
32750
32756
32756
32756
32761
