6734
6775
6816
6857
6898
6939
6980
7021
7062
7103
7144
7185
7226
7267
7308
7349
7390
7431
7472
7513
7554
7595
7636
7677
7718
7759
7800
7841
7882
7923
7964
8005
8046
8087
8128
8169
8210
8251
8292
8333
8374
8415
8456
8497
8538
8579
8620
8661
8702
8743
8784
8825
8866
8907
8948
8989
9030
9071
9112
9153
9194
9235
9276
9317
9358
9399
9440
9481
9522
9563
9604
9645
9686
9727
9768
9809
9850
9891
9932
9973
10014
10055
10096
10137
10178
10219
10260
10301
10342
10383
10424
10465
10506
10547
10588
10629
10670
10711
10752
10793
10834
10875
10916
10957
10998
11039
11080
11121
11162
11203
11244
11285
11326
11367
11408
11449
11490
11531
11572
11613
11654
11695
11736
11777
11818
11859
11900
11941
11982
12023
12064
12105
12146
12187
12228
12269
12310
12351
12392
12433
12474
12515
12556
12597
12638
12679
12720
12761
12802
12843
12884
12925
12966
13007
13048
13089
13130
13171
13212
13253
13294
13335
13376
13417
13458
13499
13540
13581
13622
13663
13704
13745
13786
13827
13868
13909
13950
13991
14032
14073
14114
14155
14196
14237
14278
14319
14360
14401
14442
14483
14524
14565
14606
14647
14688
14729
14770
14811
14852
14893
14934
14975
15016
15057
15098
15139
15180
15221
15262
15303
15344
15385
15426
15467
15508
15549
15590
15631
15672
15713
15754
15795
15836
15877
15918
15959
16000
16041
16082
16123
16164
16205
16246
16287
16328
16369
16410
16451
16492
16533
16574
16615
16656
16697
16738
16779
16820
16861
16902
16943
16984
17025
17066
17107
17148
17189
17230
17271
17312
17353
17394
17435
17476
17517
17558
17599
17640
17681
17722
17763
17804
17845
17886
17927
17968
18009
18050
18091
18132
18173
18214
18255
18296
18337
18378
18419
18460
18501
18542
18583
18624
18665
18706
18747
18788
18829
18870
18911
18952
18993
19034
19075
19116
19157
19198
19239
19280
19321
19362
19403
19444
19485
19526
19567
19608
19649
19690
19731
19772
19813
19854
19895
19936
19977
20018
20059
20100
20141
20182
20223
20264
20305
20346
20387
20428
20469
20510
20551
20592
20633
20674
20715
20756
20797
20838
20879
20920
20961
21002
21043
21084
21125
21166
21207
21248
21289
21330
21371
21412
21453
21494
21535
21576
21617
21658
21699
21740
21781
21822
21863
21904
21945
21986
22027
22068
22109
22150
22191
22232
22273
22314
22355
22396
22437
22478
22519
22560
22601
22642
22683
22724
22765
22806
22847
22888
22929
22970
23011
23052
23093
23134
23175
23216
23257
23298
23339
23380
23421
23462
23503
23544
23585
23626
23667
23708
23749
23790
23831
23872
23913
23954
23995
24036
24077
24118
24159
24200
24241
24282
24323
24364
24405
24446
24487
24528
24569
24610
24651
24692
24733
24774
24815
24856
24897
24938
24979
25020
25061
25102
25143
25184
25225
25266
25307
25348
25389
25430
25471
25512
25553
25594
25635
25676
25717
25758
25799
25840
25881
25922
25963
26004
26045
26086
26127
26168
26209
26250
26291
26332
26373
26414
26455
26496
26537
26578
26619
26660
26701
26742
26783
26824
26865
26906
26947
26988
27029
27070
27111
27152
27193
27234
27275
27316
27357
27398
27439
27480
27521
27562
27603
27644
27685
27726
27767
27808
27849
27890
27931
27972
28013
28054
28095
28136
28177
28218
28259
28300
28341
28382
28423
28464
28505
28546
28587
28628
28669
28710
28751
28792
28833
28874
28915
28956
28997
29038
29079
29120
29161
29202
29243
29284
29325
29366
29407
29448
29489
29530
29571
29612
29653
29694
29735
29776
29817
29858
29899
29940
29981
30022
30063
30104
30145
30186
30227
30268
30309
30350
30391
30432
30473
30514
30555
30596
30637
30678
30719
30760
30801
30842
30883
30924
30965
31006
31047
31088
31129
31170
31211
31252
31293
31334
31375
31416
31457
31498
31539
31580
31621
31662
31703
31744
31785
31826
31867
31908
31949
31990
32031
32072
32113
32154
32195
32236
32277
32318
32359
32400
32441
32482
32523
32564
32605
32646
32687
32728
32769
32810
32851
32892
32933
32974
33015
33056
33097
33138
33179
33220
33261
33302
33343
33384
33425
33466
33507
33548
33589
33630
33671
33712
33753
33794
33835
33876
33917
33958
33999
34040
34081
34122
34163
34204
34245
34286
34327
34368
34409
34450
34491
34532
34573
34614
34655
34696
34737
34778
34819
34860
34901
34942
34983
35024
35065
35106
35147
35188
35229
35270
35311
35352
35393
35434
35475
35516
35557
35598
35639
35680
35721
35762
35803
35844
35885
35926
35967
36008
36049
36090
36131
36172
36213
36254
36295
36336
36377
36418
36459
36500
36541
36582
36623
36664
36705
36746
36787
36828
36869
36910
36951
36992
37033
37074
37115
37156
37197
37238
37279
37320
37361
37402
37443
37484
37525
37566
37607
37648
37689
37730
37771
37812
37853
37894
37935
37976
38017
38058
38099
38140
38181
38222
38263
38304
38345
38386
38427
38468
38509
38550
38591
38632
38673
38714
38755
38796
38837
38878
38919
38960
39001
39042
39083
39124
39165
39206
39247
39288
39329
39370
39411
39452
39493
39534
39575
39616
39657
39698
39739
39780
39821
39862
39903
39944
39985
40026
40067
40108
40149
40190
40231
40272
40313
40354
40395
40436
40477
40518
40559
40600
40641
40682
40723
40764
40805
40846
40887
40928
40969
41010
41051
41092
41133
41174
41215
41256
41297
41338
41379
41420
41461
41502
41543
41584
41625
41666
41707
41748
41789
41830
41871
41912
41953
41994
42035
42076
42117
42158
42199
42240
42281
42322
42363
42404
42445
42486
42527
42568
42609
42650
42691
42732
42773
42814
42855
42896
42937
42978
43019
43060
43101
43142
43183
43224
43265
43306
43347
43388
43429
43470
43511
43552
43593
43634
43675
43716
43757
43798
43839
43880
43921
43962
44003
44044
44085
44126
44167
44208
44249
44290
44331
44372
44413
44454
44495
44536
44577
44618
44659
44700
44741
44782
44823
44864
44905
44946
44987
45028
45069
45110
45151
45192
45233
45274
45315
45356
45397
45438
45479
45520
45561
45602
45643
45684
45725
45766
45807
45848
45889
45930
45971
46012
46053
46094
46135
46176
46217
46258
46299
46340
46381
46422
46463
46504
46545
46586
46627
46668
46709
46750
46791
46832
46873
46914
46955
46996
47037
47078
47119
47160
47201
47242
47283
47324
47365
47406
47447
47488
47529
47570
47611
47652
47693
47734
47775
47816
47857
47898
47939
47980
48021
48062
48103
48144
48185
48226
48267
48308
48349
48390
48431
48472
48513
48554
48595
48636
48677
48718
48759
48800
48841
48882
48923
48964
49005
49046
49087
49128
49169
49210
49251
49292
49333
49374
49415
49456
49497
49538
49579
49620
49661
49702
49743
49784
49825
49866
49907
49948
49989
50030
50071
50112
50153
50194
50235
50276
50317
50358
50399
50440
50481
50522
50563
50604
50645
50686
50727
50768
50809
50850
50891
50932
50973
51014
51055
51096
51137
51178
51219
51260
51301
51342
51383
51424
51465
51506
51547
51588
51629
51670
51711
51752
51793
51834
51875
51916
51957
51998
52039
52080
52121
52162
52203
52244
52285
52326
52367
52408
52449
52490
52531
52572
52613
52654
52695
52736
52777
52818
52859
52900
52941
52982
53023
53064
53105
53146
53187
53228
53269
53310
53351
53392
53433
53474
53515
53556
53597
53638
53679
53720
53761
53802
53843
53884
53925
53966
54007
54048
54089
54130
54171
54212
54253
54294
54335
54376
54417
54458
54499
54540
54581
54622
54663
54704
54745
54786
54827
54868
54909
54950
54991
55032
55073
55114
55155
55196
55237
55278
55319
55360
55401
55442
55483
55524
55565
55606
55647
55688
55729
55770
55811
55852
55893
55934
55975
56016
56057
56098
56139
56180
56221
56262
56303
56344
56385
56426
56467
56508
56549
56590
56631
56672
56713
56754
56795
56836
56877
56918
56959
57000
57041
57082
57123
57164
57205
57246
57287
57328
57369
57410
57451
57492
57533
57574
57615
57656
57697
57738
57779
57820
57861
57902
57943
57984
58025
58066
58107
58148
58189
58230
58271
58312
58353
58394
58435
58476
58517
58558
58599
58640
58681
58722
58763
58804
58845
58886
58927
58968
59009
59050
59091
59132
59173
59214
59255
59296
59337
59378
59419
59460
59501
59542
59583
59624
59665
59706
59747
59788
59829
59870
59911
59952
59993
60034
60075
60116
60157
60198
60239
60280
60321
60362
60403
60444
60485
60526
60567
60608
60649
60690
60731
60772
60813
60854
60895
60936
60977
61018
61059
61100
61141
61182
61223
61264
61305
61346
61387
61428
61469
61510
61551
61592
61633
61674
61715
61756
61797
61838
61879
61920
61961
62002
62043
62084
62125
62166
62207
62248
62289
62330
62371
62412
62453
62494
62535
62576
62617
62658
62699
62740
62781
62822
62863
62904
62945
62986
63027
63068
63109
63150
63191
63232
63273
63314
63355
63396
63437
63478
63519
63560
63601
63642
63683
63724
63765
63806
63847
63888
63929
63970
64011
64052
64093
64134
64175
64216
64257
64298
64339
64380
64421
64462
64503
64544
64585
64626
64667
64708
64749
64790
64831
64872
64913
64954
64995
65036
65077
65118
65159
65200
65241
65282
65323
65364
65405
65446
65487
65528
65569
65610
65651
65692
65733
65774
65815
65856
65897
65938
65979
66020
66061
66102
66143
66184
66225
66266
66307
66348
66389
66430
66471
66512
66553
66594
66635
66676
66717
66758
66799
66840
66881
66922
66963
67004
67045
67086
67127
67168
67209
67250
67291
67332
67373
67414
67455
67496
67537
67578
67619
67660
67701
67742
67783
67824
67865
67906
67947
67988
68029
68070
68111
68152
68193
68234
68275
68316
68357
68398
68439
68480
68521
68562
68603
68644
68685
68726
68767
68808
68849
68890
68931
68972
69013
69054
69095
69136
69177
69218
69259
69300
69341
69382
69423
69464
69505
69546
69587
69628
69669
69710
69751
69792
69833
69874
69915
69956
69997
70038
70079
70120
70161
70202
70243
70284
70325
70366
70407
70448
70489
70530
70571
70612
70653
70694
70735
70776
70817
70858
70899
70940
70981
71022
71063
71104
71145
71186
71227
71268
71309
71350
71391
71432
71473
71514
71555
71596
71637
71678
71719
71760
71801
71842
71883
71924
71965
72006
72047
72088
72129
72170
72211
72252
72293
72334
72375
72416
72457
72498
72539
72580
72621
72662
72703
72744
72785
72826
72867
72908
72949
72990
73031
73072
73113
73154
73195
73236
73277
73318
73359
73400
73441
73482
73523
73564
73605
73646
73687
73728
73769
73810
73851
73892
73933
73974
74015
74056
74097
74138
74179
74220
74261
74302
74343
74384
74425
74466
74507
74548
74589
74630
74671
74712
74753
74794
74835
74876
74917
74958
74999
75040
75081
75122
75163
75204
75245
75286
75327
75368
75409
75450
75491
75532
75573
75614
75655
75696
75737
75778
75819
75860
75901
75942
75983
76024
76065
76106
76147
76188
76229
76270
76311
76352
76393
76434
76475
76516
76557
76598
76639
76680
76721
76762
76803
76844
76885
76926
76967
77008
77049
77090
77131
77172
77213
77254
77295
77336
77377
77418
77459
77500
77541
77582
77623
77664
77705
77746
77787
77828
77869
77910
77951
77992
78033
78074
78115
78156
78197
78238
78279
78320
78361
78402
78443
78484
78525
78566
78607
78648
78689
78730
78771
78812
78853
78894
78935
78976
79017
79058
79099
79140
79181
79222
79263
79304
79345
79386
79427
79468
79509
79550
79591
79632
79673
79714
79755
79796
79837
79878
79919
79960
80001
80042
80083
80124
80165
80206
80247
80288
80329
80370
80411
80452
80493
80534
80575
80616
80657
80698
80739
80780
80821
80862
80903
80944
80985
81026
81067
81108
81149
81190
81231
81272
81313
81354
81395
81436
81477
81518
81559
81600
81641
81682
81723
81764
81805
81846
81887
81928
81969
82010
82051
82092
82133
82174
82215
82256
82297
82338
82379
82420
82461
82502
82543
82584
82625
82666
82707
82748
82789
82830
82871
82912
82953
82994
83035
83076
83117
83158
83199
83240
83281
83322
83363
83404
83445
83486
83527
83568
83609
83650
83691
83732
83773
83814
83855
83896
83937
83978
84019
84060
84101
84142
84183
84224
84265
84306
84347
84388
84429
84470
84511
84552
84593
84634
84675
84716
84757
84798
84839
84880
84921
84962
85003
85044
85085
85126
85167
85208
85249
85290
85331
85372
85413
85454
85495
85536
85577
85618
85659
85700
85741
85782
85823
85864
85905
85946
85987
86028
86069
86110
86151
86192
86233
86274
86315
86356
86397
86438
86479
86520
86561
86602
86643
86684
86725
86766
86807
86848
86889
86930
86971
87012
87053
87094
87135
87176
87217
87258
87299
87340
87381
87422
87463
87504
87545
87586
87627
87668
87709
87750
87791
87832
87873
87914
87955
87996
88037
88078
88119
88160
88201
88242
88283
88324
88365
88406
88447
88488
88529
88570
88611
88652
88693
88734
88775
88816
88857
88898
88939
88980
89021
89062
89103
89144
89185
89226
89267
89308
89349
89390
89431
89472
89513
89554
89595
89636
89677
89718
89759
89800
89841
89882
89923
89964
90005
90046
90087
90128
90169
90210
90251
90292
90333
90374
90415
90456
90497
90538
90579
90620
90661
90702
90743
90784
90825
90866
90907
90948
90989
91030
91071
91112
91153
91194
91235
91276
91317
91358
91399
91440
91481
91522
91563
91604
91645
91686
91727
91768
91809
91850
91891
91932
91973
92014
92055
92096
92137
92178
92219
92260
92301
92342
92383
92424
92465
92506
92547
92588
92629
92670
92711
92752
92793
92834
92875
92916
92957
92998
93039
93080
93121
93162
93203
93244
93285
93326
93367
93408
93449
93490
93531
93572
93613
93654
93695
93736
93777
93818
93859
93900
93941
93982
94023
94064
94105
94146
94187
94228
94269
94310
94351
94392
94433
94474
94515
94556
94597
94638
94679
94720
94761
94802
94843
94884
94925
94966
95007
95048
95089
95130
95171
95212
95253
95294
95335
95376
95417
95458
95499
95540
95581
95622
95663
95704
95745
95786
95827
95868
95909
95950
95991
96032
96073
96114
96155
96196
96237
96278
96319
96360
96401
96442
96483
96524
96565
96606
96647
96688
96729
96770
96811
96852
96893
96934
96975
97016
97057
97098
97139
97180
97221
97262
97303
97344
97385
97426
97467
97508
97549
97590
97631
97672
97713
97754
97795
97836
97877
97918
97959
98000
98041
98082
98123
98164
98205
98246
98287
98328
98369
98410
98451
98492
98533
98574
98615
98656
98697
98738
98779
98820
98861
98902
98943
98984
99025
99066
99107
99148
99189
99230
99271
99312
99353
99394
99435
99476
99517
99558
99599
99640
99681
99722
99763
99804
99845
99886
99927
99968
100009
100050
100091
100132
100173
100214
100255
100296
100337
100378
100419
100460
100501
100542
100583
100624
100665
100706
100747
100788
100829
100870
100911
100952
100993
101034
101075
101116
101157
101198
101239
101280
101321
101362
101403
101444
101485
101526
101567
101608
101649
101690
101731
101772
101813
101854
101895
101936
101977
102018
102059
102100
102141
102182
102223
102264
102305
102346
102387
102428
102469
102510
102551
102592
102633
102674
102715
102756
102797
102838
102879
102920
102961
103002
103043
103084
103125
103166
103207
103248
103289
103330
103371
103412
103453
103494
103535
103576
103617
103658
103699
103740
103781
103822
103863
103904
103945
103986
104027
104068
104109
104150
104191
104232
104273
104314
104355
104396
104437
104478
104519
104560
104601
104642
104683
104724
104765
104806
104847
104888
104929
104970
105011
105052
105093
105134
105175
105216
105257
105298
105339
105380
105421
105462
105503
105544
105585
105626
105667
105708
105749
105790
105831
105872
105913
105954
105995
106036
106077
106118
106159
106200
106241
106282
106323
106364
106405
106446
106487
106528
106569
106610
106651
106692
106733
106774
106815
106856
106897
106938
106979
107020
107061
107102
107143
107184
107225
107266
107307
107348
107389
107430
107471
107512
107553
107594
107635
107676
107717
107758
107799
107840
107881
107922
107963
108004
108045
108086
108127
108168
108209
108250
108291
108332
108373
108414
108455
108496
108537
108578
108619
108660
108701
108742
108783
108824
108865
108906
108947
108988
109029
109070
109111
109152
109193
109234
109275
109316
109357
109398
109439
109480
109521
109562
109603
109644
109685
109726
109767
109808
109849
109890
109931
109972
110013
110054
110095
110136
110177
110218
110259
110300
110341
110382
110423
110464
110505
110546
110587
110628
110669
110710
110751
110792
110833
110874
110915
110956
110997
111038
111079
111120
111161
111202
111243
111284
111325
111366
111407
111448
111489
111530
111571
111612
111653
111694
111735
111776
111817
111858
111899
111940
111981
112022
112063
112104
112145
112186
112227
112268
112309
112350
112391
112432
112473
112514
112555
112596
112637
112678
112719
112760
112801
112842
112883
112924
112965
113006
113047
113088
113129
113170
113211
113252
113293
113334
113375
113416
113457
113498
113539
113580
113621
113662
113703
113744
113785
113826
113867
113908
113949
113990
114031
114072
114113
114154
114195
114236
114277
114318
114359
114400
114441
114482
114523
114564
114605
114646
114687
114728
114769
114810
114851
114892
114933
114974
115015
115056
115097
115138
115179
115220
115261
115302
115343
115384
115425
115466
115507
115548
115589
115630
115671
115712
115753
115794
115835
115876
115917
115958
115999
116040
116081
116122
116163
116204
116245
116286
116327
116368
116409
116450
116491
116532
116573
116614
116655
116696
116737
116778
116819
116860
116901
116942
116983
117024
117065
117106
117147
117188
117229
117270
117311
117352
117393
117434
117475
117516
117557
117598
117639
117680
117721
117762
117803
117844
117885
117926
117967
118008
118049
118090
118131
118172
118213
118254
118295
118336
118377
118418
118459
118500
118541
118582
118623
118664
118705
118746
118787
118828
118869
118910
118951
118992
119033
119074
119115
119156
119197
119238
119279
119320
119361
119402
119443
119484
119525
119566
119607
119648
119689
119730
119771
119812
119853
119894
119935
119976
120017
120058
120099
120140
120181
120222
120263
120304
120345
120386
120427
120468
120509
120550
120591
120632
120673
120714
120755
120796
120837
120878
120919
120960
121001
121042
121083
121124
121165
121206
121247
121288
121329
121370
121411
121452
121493
121534
121575
121616
121657
121698
121739
121780
121821
121862
121903
121944
121985
122026
122067
122108
122149
122190
122231
122272
122313
122354
122395
122436
122477
122518
122559
122600
122641
122682
122723
122764
122805
122846
122887
122928
122969
123010
123051
123092
123133
123174
123215
123256
123297
123338
123379
123420
123461
123502
123543
123584
123625
123666
123707
123748
123789
123830
123871
123912
123953
123994
124035
124076
124117
124158
124199
124240
124281
124322
124363
124404
124445
124486
124527
124568
124609
124650
124691
124732
124773
124814
124855
124896
124937
124978
125019
125060
125101
125142
125183
125224
125265
125306
125347
125388
125429
125470
125511
125552
125593
125634
125675
125716
125757
125798
125839
125880
125921
125962
126003
126044
126085
126126
126167
126208
126249
126290
126331
126372
126413
126454
126495
126536
126577
126618
126659
126700
126741
126782
126823
126864
126905
126946
126987
127028
127069
127110
127151
127192
127233
127274
127315
127356
127397
127438
127479
127520
127561
127602
127643
127684
127725
127766
127807
127848
127889
127930
127971
128012
128053
128094
128135
128176
128217
128258
128299
128340
128381
128422
128463
128504
128545
128586
128627
128668
128709
128750
128791
128832
128873
128914
128955
128996
129037
129078
129119
129160
129201
129242
129283
129324
129365
129406
129447
129488
129529
129570
129611
129652
129693
129734
129775
129816
129857
129898
129939
129980
130021
130062
130103
130144
130185
130226
130267
130308
130349
130390
130431
130472
130513
130554
130595
130636
130677
130718
130759
130800
130841
130882
130923
130964
131005
131046
131087
131128
131169
131210
131251
131292
131333
131374
131415
131456
131497
131538
131579
131620
131661
131702
131743
131784
131825
131866
131907
131948
131989
132030
132071
132112
132153
132194
132235
132276
132317
132358
132399
132440
132481
132522
132563
132604
132645
132686
132727
132768
132809
132850
132891
132932
132973
133014
133055
133096
133137
133178
133219
133260
133301
133342
133383
133424
133465
133506
133547
133588
133629
133670
133711
133752
133793
133834
133875
133916
133957
133998
134039
134080
134121
134162
134203
134244
134285
134326
134367
134408
134449
134490
134531
134572
134613
134654
134695
134736
134777
134818
134859
134900
134941
134982
135023
135064
135105
135146
135187
135228
135269
135310
135351
135392
135433
135474
135515
135556
135597
135638
135679
135720
135761
135802
135843
135884
135925
135966
136007
136048
136089
136130
136171
136212
136253
136294
136335
136376
136417
136458
136499
136540
136581
136622
136663
136704
136745
136786
136827
136868
136909
136950
136991
137032
137073
137114
137155
137196
137237
137278
137319
137360
137401
137442
137483
137524
137565
137606
137647
137688
137729
137770
137811
137852
137893
137934
137975
138016
138057
138098
138139
138180
138221
138262
138303
138344
138385
138426
138467
138508
138549
138590
138631
138672
138713
138754
138795
138836
138877
138918
138959
139000
139041
139082
139123
139164
139205
139246
139287
139328
139369
139410
139451
139492
139533
139574
139615
139656
139697
139738
139779
139820
139861
139902
139943
139984
140025
140066
140107
140148
140189
140230
140271
140312
140353
140394
140435
140476
140517
140558
140599
140640
140681
140722
140763
140804
140845
140886
140927
140968
141009
141050
141091
141132
141173
141214
141255
141296
141337
141378
141419
141460
141501
141542
141583
141624
141665
141706
141747
141788
141829
141870
141911
141952
141993
142034
142075
142116
142157
142198
142239
142280
142321
142362
142403
142444
142485
142526
142567
142608
142649
142690
142731
142772
142813
142854
142895
142936
142977
143018
143059
143100
143141
143182
143223
143264
143305
143346
143387
143428
143469
143510
143551
143592
143633
143674
143715
143756
143797
143838
143879
143920
143961
144002
144043
144084
144125
144166
144207
144248
144289
144330
144371
144412
144453
144494
144535
144576
144617
144658
144699
144740
144781
144822
144863
144904
144945
144986
145027
145068
145109
145150
145191
145232
145273
145314
145355
145396
145437
145478
145519
145560
145601
145642
145683
145724
145765
145806
145847
145888
145929
145970
146011
146052
146093
146134
146175
146216
146257
146298
146339
146380
146421
146462
146503
146544
146585
146626
146667
146708
146749
146790
146831
146872
146913
146954
146995
147036
147077
147118
147159
147200
147241
147282
147323
147364
147405
147446
147487
147528
147569
147610
147651
147692
147733
147774
147815
147856
147897
147938
147979
148020
148061
148102
148143
148184
148225
148266
148307
148348
148389
148430
148471
148512
148553
148594
148635
148676
148717
148758
148799
148840
148881
148922
148963
149004
149045
149086
149127
149168
149209
149250
149291
149332
149373
149414
149455
149496
149537
149578
149619
149660
149701
149742
149783
149824
149865
149906
149947
149988
150029
150070
150111
150152
150193
150234
150275
150316
150357
150398
150439
150480
150521
150562
150603
150644
150685
150726
150767
150808
150849
150890
150931
150972
151013
151054
151095
151136
151177
151218
151259
151300
151341
151382
151423
151464
151505
151546
151587
151628
151669
151710
151751
151792
151833
151874
151915
151956
151997
152038
152079
152120
152161
152202
152243
152284
152325
152366
152407
152448
152489
152530
152571
152612
152653
152694
152735
152776
152817
152858
152899
152940
152981
153022
153063
153104
153145
153186
153227
153268
153309
153350
153391
153432
153473
153514
153555
153596
153637
153678
153719
153760
153801
153842
153883
153924
153965
154006
154047
154088
154129
154170
154211
154252
154293
154334
154375
154416
154457
154498
154539
154580
154621
154662
154703
154744
154785
154826
154867
154908
154949
154990
155031
155072
155113
155154
155195
155236
155277
155318
155359
155400
155441
155482
155523
155564
155605
155646
155687
155728
155769
155810
155851
155892
155933
155974
156015
156056
156097
156138
156179
156220
156261
156302
156343
156384
156425
156466
156507
156548
156589
156630
156671
156712
156753
156794
156835
156876
156917
156958
156999
157040
157081
157122
157163
157204
157245
157286
157327
157368
157409
157450
157491
157532
157573
157614
157655
157696
157737
157778
157819
157860
157901
157942
157983
158024
158065
158106
158147
158188
158229
158270
158311
158352
158393
158434
158475
158516
158557
158598
158639
158680
158721
158762
158803
158844
158885
158926
158967
159008
159049
159090
159131
159172
159213
159254
159295
159336
159377
159418
159459
159500
159541
159582
159623
159664
159705
159746
159787
159828
159869
159910
159951
159992
160033
160074
160115
160156
160197
160238
160279
160320
160361
160402
160443
160484
160525
160566
160607
160648
160689
160730
160771
160812
160853
160894
160935
160976
161017
161058
161099
161140
161181
161222
161263
161304
161345
161386
161427
161468
161509
161550
161591
161632
161673
161714
161755
161796
161837
161878
161919
161960
162001
162042
162083
162124
162165
162206
162247
162288
162329
162370
162411
162452
162493
162534
162575
162616
162657
162698
162739
162780
162821
162862
162903
162944
162985
163026
163067
163108
163149
163190
163231
163272
163313
163354
163395
163436
163477
163518
163559
163600
163641
163682
163723
163764
163805
163846
163887
163928
163969
164010
164051
164092
164133
164174
164215
164256
164297
164338
164379
164420
164461
164502
164543
164584
164625
164666
164707
164748
164789
164830
164871
164912
164953
164994
165035
165076
165117
165158
165199
165240
165281
165322
165363
165404
165445
165486
165527
165568
165609
165650
165691
165732
165773
165814
165855
165896
165937
165978
166019
166060
166101
166142
166183
166224
166265
166306
166347
166388
166429
166470
166511
166552
166593
166634
166675
166716
166757
166798
166839
166880
166921
166962
167003
167044
167085
167126
167167
167208
167249
167290
167331
167372
167413
167454
167495
167536
167577
167618
167659
167700
167741
167782
167823
167864
167905
167946
167987
168028
168069
168110
168151
168192
168233
168274
168315
168356
168397
168438
168479
168520
168561
168602
168643
168684
168725
168766
168807
168848
168889
168930
168971
169012
169053
169094
169135
169176
169217
169258
169299
169340
169381
169422
169463
169504
169545
169586
169627
169668
169709
169750
169791
169832
169873
169914
169955
169996
170037
170078
170119
170160
170201
170242
170283
170324
170365
170406
170447
170488
170529
170570
170611
170652
170693
170734
170775
170816
170857
170898
170939
170980
171021
171062
171103
171144
171185
171226
171267
171308
171349
171390
171431
171472
171513
171554
171595
171636
171677
171718
171759
171800
171841
171882
171923
171964
172005
172046
172087
172128
172169
172210
172251
172292
172333
172374
172415
172456
172497
172538
172579
172620
172661
172702
172743
172784
172825
172866
172907
172948
172989
173030
173071
173112
173153
173194
173235
173276
173317
173358
173399
173440
173481
173522
173563
173604
173645
173686
173727
173768
173809
173850
173891
173932
173973
174014
174055
174096
174137
174178
174219
174260
174301
174342
174383
174424
174465
174506
174547
174588
174629
174670
174711
174752
174793
174834
174875
174916
174957
174998
175039
175080
175121
175162
175203
175244
175285
175326
175367
175408
175449
175490
175531
175572
175613
175654
175695
175736
175777
175818
175859
175900
175941
175982
176023
176064
176105
176146
176187
176228
176269
176310
176351
176392
176433
176474
176515
176556
176597
176638
176679
176720
176761
176802
176843
176884
176925
176966
177007
177048
177089
177130
177171
177212
177253
177294
177335
177376
177417
177458
177499
177540
177581
177622
177663
177704
177745
177786
177827
177868
177909
177950
177991
178032
178073
178114
178155
178196
178237
178278
178319
178360
178401
178442
178483
178524
178565
178606
178647
178688
178729
178770
178811
178852
178893
178934
178975
179016
179057
179098
179139
179180
179221
179262
179303
179344
179385
179426
179467
179508
179549
179590
179631
179672
179713
179754
179795
179836
179877
179918
179959
180000
180041
180082
180123
180164
180205
180246
180287
180328
180369
180410
180451
180492
180533
180574
180615
180656
180697
180738
180779
180820
180861
180902
180943
180984
181025
181066
181107
181148
181189
181230
181271
181312
181353
181394
181435
181476
181517
181558
181599
181640
181681
181722
181763
181804
181845
181886
181927
181968
182009
182050
182091
182132
182173
182214
182255
182296
182337
182378
182419
182460
182501
182542
182583
182624
182665
182706
182747
182788
182829
182870
182911
182952
182993
183034
183075
183116
183157
183198
183239
183280
183321
183362
183403
183444
183485
183526
183567
183608
183649
183690
183731
183772
183813
183854
183895
183936
183977
184018
184059
184100
184141
184182
184223
184264
184305
184346
184387
184428
184469
184510
184551
184592
184633
184674
184715
184756
184797
184838
184879
184920
184961
185002
185043
185084
185125
185166
185207
185248
185289
185330
185371
185412
185453
185494
185535
185576
185617
185658
185699
185740
185781
185822
185863
185904
185945
185986
186027
186068
186109
186150
186191
186232
186273
186314
186355
186396
186437
186478
186519
186560
186601
186642
186683
186724
186765
186806
186847
186888
186929
186970
187011
187052
187093
187134
187175
187216
187257
187298
187339
187380
187421
187462
187503
187544
187585
187626
187667
187708
187749
187790
187831
187872
187913
187954
187995
188036
188077
188118
188159
188200
188241
188282
188323
188364
188405
188446
188487
188528
188569
188610
188651
188692
188733
188774
188815
188856
188897
188938
188979
189020
189061
189102
189143
189184
189225
189266
189307
189348
189389
189430
189471
189512
189553
189594
189635
189676
189717
189758
189799
189840
189881
189922
189963
190004
190045
190086
190127
190168
190209
190250
190291
190332
190373
190414
190455
190496
190537
190578
190619
190660
190701
190742
190783
190824
190865
190906
190947
190988
191029
191070
191111
191152
191193
191234
191275
191316
191357
191398
191439
191480
191521
191562
191603
191644
191685
191726
191767
191808
191849
191890
191931
191972
192013
192054
192095
192136
192177
192218
192259
192300
192341
192382
192423
192464
192505
192546
192587
192628
192669
192710
192751
192792
192833
192874
192915
192956
192997
193038
193079
193120
193161
193202
193243
193284
193325
193366
193407
193448
193489
193530
193571
193612
193653
193694
193735
193776
193817
193858
193899
193940
193981
194022
194063
194104
194145
194186
194227
194268
194309
194350
194391
194432
194473
194514
194555
194596
194637
194678
194719
194760
194801
194842
194883
194924
194965
195006
195047
195088
195129
195170
195211
195252
195293
195334
195375
195416
195457
195498
195539
195580
195621
195662
195703
195744
195785
195826
195867
195908
195949
195990
196031
196072
196113
196154
196195
196236
196277
196318
196359
196400
196441
196482
196523
196564
196605
196646
196687
196728
196769
196810
196851
196892
196933
196974
197015
197056
197097
197138
197179
197220
197261
197302
197343
197384
197425
197466
197507
197548
197589
197630
197671
197712
197753
197794
197835
197876
197917
197958
197999
198040
198081
198122
198163
198204
198245
198286
198327
198368
198409
198450
198491
198532
198573
198614
198655
198696
198737
198778
198819
198860
198901
198942
198983
199024
199065
199106
199147
199188
199229
199270
199311
199352
199393
199434
199475
199516
199557
199598
199639
199680
199721
199762
199803
199844
199885
199926
199967
200008
200049
200090
200131
200172
200213
200254
200295
200336
200377
200418
200459
200500
200541
200582
200623
200664
200705
200746
200787
200828
200869
200910
200951
200992
201033
201074
201115
201156
201197
201238
201279
201320
201361
201402
201443
201484
201525
201566
201607
201648
201689
201730
201771
201812
201853
201894
201935
201976
202017
202058
202099
202140
202181
202222
202263
202304
202345
202386
202427
202468
202509
202550
202591
202632
202673
202714
202755
202796
202837
202878
202919
202960
203001
203042
203083
203124
203165
203206
203247
203288
203329
203370
203411
203452
203493
203534
203575
203616
203657
203698
203739
203780
203821
203862
203903
203944
203985
204026
204067
204108
204149
204190
204231
204272
204313
204354
204395
204436
204477
204518
204559
204600
204641
204682
204723
204764
204805
204846
204887
204928
204969
205010
205051
205092
205133
205174
205215
205256
205297
205338
205379
205420
205461
205502
205543
205584
205625
205666
205707
205748
205789
205830
205871
205912
205953
205994
206035
206076
206117
206158
206199
206240
206281
206322
206363
206404
206445
206486
206527
206568
206609
206650
206691
206732
206773
206814
206855
206896
206937
206978
207019
207060
207101
207142
207183
207224
207265
207306
207347
207388
207429
207470
207511
207552
207593
207634
207675
207716
207757
207798
207839
207880
207921
207962
208003
208044
208085
208126
208167
208208
208249
208290
208331
208372
208413
208454
208495
208536
208577
208618
208659
208700
208741
208782
208823
208864
208905
208946
208987
209028
209069
209110
209151
209192
209233
209274
209315
209356
209397
209438
209479
209520
209561
209602
209643
209684
209725
209766
209807
209848
209889
209930
209971
210012
210053
210094
210135
210176
210217
210258
210299
210340
210381
210422
210463
210504
210545
210586
210627
210668
210709
210750
210791
210832
210873
210914
210955
210996
211037
211078
211119
211160
211201
211242
211283
211324
211365
211406
211447
211488
211529
211570
211611
211652
211693
211734
211775
211816
211857
211898
211939
211980
212021
212062
212103
212144
212185
212226
212267
212308
212349
212390
212431
212472
212513
212554
212595
212636
212677
212718
212759
212800
212841
212882
212923
212964
213005
213046
213087
213128
213169
213210
213251
213292
213333
213374
213415
213456
213497
213538
213579
213620
213661
213702
213743
213784
213825
213866
213907
213948
213989
214030
214071
214112
214153
214194
214235
214276
214317
214358
214399
214440
214481
214522
214563
214604
214645
214686
214727
214768
214809
214850
214891
214932
214973
215014
215055
215096
215137
215178
215219
215260
215301
215342
215383
215424
215465
215506
215547
215588
215629
215670
215711
215752
215793
215834
215875
215916
215957
215998
216039
216080
216121
216162
216203
216244
216285
216326
216367
216408
216449
216490
216531
216572
216613
216654
216695
216736
216777
216818
216859
216900
216941
216982
217023
217064
217105
217146
217187
217228
217269
217310
217351
217392
217433
217474
217515
217556
217597
217638
217679
217720
217761
217802
217843
217884
217925
217966
218007
218048
218089
218130
218171
218212
218253
218294
218335
218376
218417
218458
218499
218540
218581
218622
218663
218704
218745
218786
218827
218868
218909
218950
218991
219032
219073
219114
219155
219196
219237
219278
219319
219360
219401
219442
219483
219524
219565
219606
219647
219688
219729
219770
219811
219852
219893
219934
219975
220016
220057
220098
220139
220180
220221
220262
220303
220344
220385
220426
220467
220508
220549
220590
220631
220672
220713
220754
220795
220836
220877
220918
220959
221000
221041
221082
221123
221164
221205
221246
221287
221328
221369
221410
221451
221492
221533
221574
221615
221656
221697
221738
221779
221820
221861
221902
221943
221984
222025
222066
222107
222148
222189
222230
222271
222312
222353
222394
222435
222476
222517
222558
222599
222640
222681
222722
222763
222804
222845
222886
222927
222968
223009
223050
223091
223132
223173
223214
223255
223296
223337
223378
223419
223460
223501
223542
223583
223624
223665
223706
223747
223788
223829
223870
223911
223952
223993
224034
224075
224116
224157
224198
224239
224280
224321
224362
224403
224444
224485
224526
224567
224608
224649
224690
224731
224772
224813
224854
224895
224936
224977
225018
225059
225100
225141
225182
225223
225264
225305
225346
225387
225428
225469
225510
225551
225592
225633
225674
225715
225756
225797
225838
225879
225920
225961
226002
226043
226084
226125
226166
226207
226248
226289
226330
226371
226412
226453
226494
226535
226576
226617
226658
226699
226740
226781
226822
226863
226904
226945
226986
227027
227068
227109
227150
227191
227232
227273
227314
227355
227396
227437
227478
227519
227560
227601
227642
227683
227724
227765
227806
227847
227888
227929
227970
228011
228052
228093
228134
228175
228216
228257
228298
228339
228380
228421
228462
228503
228544
228585
228626
228667
228708
228749
228790
228831
228872
228913
228954
228995
229036
229077
229118
229159
229200
229241
229282
229323
229364
229405
229446
229487
229528
229569
229610
229651
229692
229733
229774
229815
229856
229897
229938
229979
230020
230061
230102
230143
230184
230225
230266
230307
230348
230389
230430
230471
230512
230553
230594
230635
230676
230717
230758
230799
230840
230881
230922
230963
231004
231045
231086
231127
231168
231209
231250
231291
231332
231373
231414
231455
231496
231537
231578
231619
231660
231701
231742
231783
231824
231865
231906
231947
231988
232029
232070
232111
232152
232193
232234
232275
232316
232357
232398
232439
232480
232521
232562
232603
232644
232685
232726
232767
232808
232849
232890
232931
232972
233013
233054
233095
233136
233177
233218
233259
233300
233341
233382
233423
233464
233505
233546
233587
233628
233669
233710
233751
233792
233833
233874
233915
233956
233997
234038
234079
234120
234161
234202
234243
234284
234325
234366
234407
234448
234489
234530
234571
234612
234653
234694
234735
234776
234817
234858
234899
234940
234981
235022
235063
235104
235145
235186
235227
235268
235309
235350
235391
235432
235473
235514
235555
235596
235637
235678
235719
235760
235801
235842
235883
235924
235965
236006
236047
236088
236129
236170
236211
236252
236293
236334
236375
236416
236457
236498
236539
236580
236621
236662
236703
236744
236785
236826
236867
236908
236949
236990
237031
237072
237113
237154
237195
237236
237277
237318
237359
237400
237441
237482
237523
237564
237605
237646
237687
237728
237769
237810
237851
237892
237933
237974
238015
238056
238097
238138
238179
238220
238261
238302
238343
238384
238425
238466
238507
238548
238589
238630
238671
238712
238753
238794
238835
238876
238917
238958
238999
239040
239081
239122
239163
239204
239245
239286
239327
239368
239409
239450
239491
239532
239573
239614
239655
239696
239737
239778
239819
239860
239901
239942
239983
240024
240065
240106
240147
240188
240229
240270
240311
240352
240393
240434
240475
240516
240557
240598
240639
240680
240721
240762
240803
240844
240885
240926
240967
241008
241049
241090
241131
241172
241213
241254
241295
241336
241377
241418
241459
241500
241541
241582
241623
241664
241705
241746
241787
241828
241869
241910
241951
241992
242033
242074
242115
242156
242197
242238
242279
242320
242361
242402
242443
242484
242525
242566
242607
242648
242689
242730
242771
242812
242853
242894
242935
242976
243017
243058
243099
243140
243181
243222
243263
243304
243345
243386
243427
243468
243509
243550
243591
243632
243673
243714
243755
243796
243837
243878
243919
243960
244001
244042
244083
244124
244165
244206
244247
244288
244329
244370
244411
244452
244493
244534
244575
244616
244657
244698
244739
244780
244821
244862
244903
244944
244985
245026
245067
245108
245149
245190
245231
245272
245313
245354
245395
245436
245477
245518
245559
245600
245641
245682
245723
245764
245805
245846
245887
245928
245969
246010
246051
246092
246133
246174
246215
246256
246297
246338
246379
246420
246461
246502
246543
246584
246625
246666
246707
246748
246789
246830
246871
246912
246953
246994
247035
247076
247117
247158
247199
247240
247281
247322
247363
247404
247445
247486
247527
247568
247609
247650
247691
247732
247773
247814
247855
247896
247937
247978
248019
248060
248101
248142
248183
248224
248265
248306
248347
248388
248429
248470
248511
248552
248593
248634
248675
248716
248757
248798
248839
248880
248921
248962
249003
249044
249085
249126
249167
249208
249249
249290
249331
249372
249413
249454
249495
249536
249577
249618
249659
249700
249741
249782
249823
249864
249905
249946
249987
250028
250069
250110
250151
250192
250233
250274
250315
250356
250397
250438
250479
250520
250561
250602
250643
250684
250725
250766
250807
250848
250889
250930
250971
251012
251053
251094
251135
251176
251217
251258
251299
251340
251381
251422
251463
251504
251545
251586
251627
251668
251709
251750
251791
251832
251873
251914
251955
251996
252037
252078
252119
252160
252201
252242
252283
252324
252365
252406
252447
252488
252529
252570
252611
252652
252693
252734
252775
252816
252857
252898
252939
252980
253021
253062
253103
253144
253185
253226
253267
253308
253349
253390
253431
253472
253513
253554
253595
253636
253677
253718
253759
253800
253841
253882
253923
253964
254005
254046
254087
254128
254169
254210
254251
254292
254333
254374
254415
254456
254497
254538
254579
254620
254661
254702
254743
254784
254825
254866
254907
254948
254989
255030
255071
255112
255153
255194
255235
255276
255317
255358
255399
255440
255481
255522
255563
255604
255645
255686
255727
255768
255809
255850
255891
255932
255973
256014
256055
256096
256137
256178
256219
256260
256301
256342
256383
256424
256465
256506
256547
256588
256629
256670
256711
256752
256793
256834
256875
256916
256957
256998
257039
257080
257121
257162
257203
257244
257285
257326
257367
257408
257449
257490
257531
257572
257613
257654
257695
257736
257777
257818
257859
257900
257941
257982
258023
258064
258105
258146
258187
258228
258269
258310
258351
258392
258433
258474
258515
258556
258597
258638
258679
258720
258761
258802
258843
258884
258925
258966
259007
259048
259089
259130
259171
259212
259253
259294
259335
259376
259417
259458
259499
259540
259581
259622
259663
259704
259745
259786
259827
259868
259909
259950
259991
260032
260073
260114
260155
260196
260237
260278
260319
260360
260401
260442
260483
260524
260565
260606
260647
260688
260729
260770
260811
260852
260893
260934
260975
261016
261057
261098
261139
261180
261221
261262
261303
261344
261385
261426
261467
261508
261549
261590
261631
261672
261713
261754
261795
261836
261877
261918
261959
262000
262041
262082
262123
262164
262205
262246
262287
262328
262369
262410
262451
262492
262533
262574
262615
262656
262697
262738
262779
262820
262861
262902
262943
262984
263025
263066
263107
263148
263189
263230
263271
263312
263353
263394
263435
263476
263517
263558
263599
263640
263681
263722
263763
263804
263845
263886
263927
263968
264009
264050
264091
264132
264173
264214
264255
264296
264337
264378
264419
264460
264501
264542
264583
264624
264665
264706
264747
264788
264829
264870
264911
264952
264993
265034
265075
265116
265157
265198
265239
265280
265321
265362
265403
265444
265485
265526
265567
265608
265649
265690
265731
265772
265813
265854
265895
265936
265977
266018
266059
266100
266141
266182
266223
266264
266305
266346
266387
266428
266469
266510
266551
266592
266633
266674
266715
266756
266797
266838
266879
266920
266961
267002
267043
267084
267125
267166
267207
267248
267289
267330
267371
267412
267453
267494
267535
267576
267617
267658
267699
267740
267781
267822
267863
267904
267945
267986
268027
268068
268109
268150
268191
268232
268273
268314
268355
268396
268437
268478
268519
268560
268601
268642
268683
268724
268765
268806
268847
268888
268929
268970
269011
269052
269093
269134
269175
269216
269257
269298
269339
269380
269421
269462
269503
269544
269585
269626
269667
269708
269749
269790
269831
269872
269913
269954
269995
270036
270077
270118
270159
270200
270241
270282
270323
270364
270405
270446
270487
270528
270569
270610
270651
270692
270733
270774
270815
270856
270897
270938
270979
271020
271061
271102
271143
271184
271225
271266
271307
271348
271389
271430
271471
271512
271553
271594
271635
271676
271717
271758
271799
271840
271881
271922
271963
272004
272045
272086
272127
272168
272209
272250
272291
272332
272373
272414
272455
272496
272537
272578
272619
272660
272701
272742
272783
272824
272865
272906
272947
272988
273029
273070
273111
273152
273193
273234
273275
273316
273357
273398
273439
273480
273521
273562
273603
273644
273685
273726
273767
273808
273849
273890
273931
273972
274013
274054
274095
274136
274177
274218
274259
274300
274341
274382
274423
274464
274505
274546
274587
274628
274669
274710
274751
274792
274833
274874
274915
274956
274997
275038
275079
275120
275161
275202
275243
275284
275325
275366
275407
275448
275489
275530
275571
275612
275653
275694
275735
275776
275817
275858
275899
275940
275981
276022
276063
276104
276145
276186
276227
276268
276309
276350
276391
276432
276473
276514
276555
276596
276637
276678
276719
276760
276801
276842
276883
276924
276965
277006
277047
277088
277129
277170
277211
277252
277293
277334
277375
277416
277457
277498
277539
277580
277621
277662
277703
277744
277785
277826
277867
277908
277949
277990
278031
278072
278113
278154
278195
278236
278277
278318
278359
278400
278441
278482
278523
278564
278605
278646
278687
278728
278769
278810
278851
278892
278933
278974
279015
279056
279097
279138
279179
279220
279261
279302
279343
279384
279425
279466
279507
279548
279589
279630
279671
279712
279753
279794
279835
279876
279917
279958
279999
280040
280081
280122
280163
280204
280245
280286
280327
280368
280409
280450
280491
280532
280573
280614
280655
280696
280737
280778
280819
280860
280901
280942
280983
281024
281065
281106
281147
281188
281229
281270
281311
281352
281393
281434
281475
281516
281557
281598
281639
281680
281721
281762
281803
281844
281885
281926
281967
282008
282049
282090
282131
282172
282213
282254
282295
282336
282377
282418
282459
282500
282541
282582
282623
282664
282705
282746
282787
282828
282869
282910
282951
282992
283033
283074
283115
283156
283197
283238
283279
283320
283361
283402
283443
283484
283525
283566
283607
283648
283689
283730
283771
283812
283853
283894
283935
283976
284017
284058
284099
284140
284181
284222
284263
284304
284345
284386
284427
284468
284509
284550
284591
284632
284673
284714
284755
284796
284837
284878
284919
284960
285001
285042
285083
285124
285165
285206
285247
285288
285329
285370
285411
285452
285493
285534
285575
285616
285657
285698
285739
285780
285821
285862
285903
285944
285985
286026
286067
286108
286149
286190
286231
286272
286313
286354
286395
286436
286477
286518
286559
286600
286641
286682
286723
286764
286805
286846
286887
286928
286969
287010
287051
287092
287133
287174
287215
287256
287297
287338
287379
287420
287461
287502
287543
287584
287625
287666
287707
287748
287789
287830
287871
287912
287953
287994
288035
288076
288117
288158
288199
288240
288281
288322
288363
288404
288445
288486
288527
288568
288609
288650
288691
288732
288773
288814
288855
288896
288937
288978
289019
289060
289101
289142
289183
289224
289265
289306
289347
289388
289429
289470
289511
289552
289593
289634
289675
289716
289757
289798
289839
289880
289921
289962
290003
290044
290085
290126
290167
290208
290249
290290
290331
290372
290413
290454
290495
290536
290577
290618
290659
290700
290741
290782
290823
290864
290905
290946
290987
291028
291069
291110
291151
291192
291233
291274
291315
291356
291397
291438
291479
291520
291561
291602
291643
291684
291725
291766
291807
291848
291889
291930
291971
292012
292053
292094
292135
292176
292217
292258
292299
292340
292381
292422
292463
292504
292545
292586
292627
292668
292709
292750
292791
292832
292873
292914
292955
292996
293037
293078
293119
293160
293201
293242
293283
293324
293365
293406
293447
293488
293529
293570
293611
293652
293693
293734
293775
293816
293857
293898
293939
293980
294021
294062
294103
294144
294185
294226
294267
294308
294349
294390
294431
294472
294513
294554
294595
294636
294677
294718
294759
294800
294841
294882
294923
294964
295005
295046
295087
295128
295169
295210
295251
295292
295333
295374
295415
295456
295497
295538
295579
295620
295661
295702
295743
295784
295825
295866
295907
295948
295989
296030
296071
296112
296153
296194
296235
296276
296317
296358
296399
296440
296481
296522
296563
296604
296645
296686
296727
296768
296809
296850
296891
296932
296973
297014
297055
297096
297137
297178
297219
297260
297301
297342
297383
297424
297465
297506
297547
297588
297629
297670
297711
297752
297793
297834
297875
297916
297957
297998
298039
298080
298121
298162
298203
298244
298285
298326
298367
298408
298449
298490
298531
298572
298613
298654
298695
298736
298777
298818
298859
298900
298941
298982
299023
299064
299105
299146
299187
299228
299269
299310
299351
299392
299433
299474
299515
299556
299597
299638
299679
299720
299761
299802
299843
299884
299925
299966
300007
300048
300089
300130
300171
300212
300253
300294
300335
300376
300417
300458
300499
300540
300581
300622
300663
300704
300745
300786
300827
300868
300909
300950
300991
301032
301073
301114
301155
301196
301237
301278
301319
301360
301401
301442
301483
301524
301565
301606
301647
301688
301729
301770
301811
301852
301893
301934
301975
302016
302057
302098
302139
302180
302221
302262
302303
302344
302385
302426
302467
302508
302549
302590
302631
302672
302713
302754
302795
302836
302877
302918
302959
303000
303041
303082
303123
303164
303205
303246
303287
303328
303369
303410
303451
303492
303533
303574
303615
303656
303697
303738
303779
303820
303861
303902
303943
303984
304025
304066
304107
304148
304189
304230
304271
304312
304353
304394
304435
304476
304517
304558
304599
304640
304681
304722
304763
304804
304845
304886
304927
304968
305009
305050
305091
305132
305173
305214
305255
305296
305337
305378
305419
305460
305501
305542
305583
305624
305665
305706
305747
305788
305829
305870
305911
305952
305993
306034
306075
306116
306157
306198
306239
306280
306321
306362
306403
306444
306485
306526
306567
306608
306649
306690
306731
306772
306813
306854
306895
306936
306977
307018
307059
307100
307141
307182
307223
307264
307305
307346
307387
307428
307469
307510
307551
307592
307633
307674
307715
307756
307797
307838
307879
307920
307961
308002
308043
308084
308125
308166
308207
308248
308289
308330
308371
308412
308453
308494
308535
308576
308617
308658
308699
308740
308781
308822
308863
308904
308945
308986
309027
309068
309109
309150
309191
309232
309273
309314
309355
309396
309437
309478
309519
309560
309601
309642
309683
309724
309765
309806
309847
309888
309929
309970
310011
310052
310093
310134
310175
310216
310257
310298
310339
310380
310421
310462
310503
310544
310585
310626
310667
310708
310749
310790
310831
310872
310913
310954
310995
311036
311077
311118
311159
311200
311241
311282
311323
311364
311405
311446
311487
311528
311569
311610
311651
311692
311733
311774
311815
311856
311897
311938
311979
312020
312061
312102
312143
312184
312225
312266
312307
312348
312389
312430
312471
312512
312553
312594
312635
312676
312717
312758
312799
312840
312881
312922
312963
313004
313045
313086
313127
313168
313209
313250
313291
313332
313373
313414
313455
313496
313537
313578
313619
313660
313701
313742
313783
313824
313865
313906
313947
313988
314029
314070
314111
314152
314193
314234
314275
314316
314357
314398
314439
314480
314521
314562
314603
314644
314685
314726
314767
314808
314849
314890
314931
314972
315013
315054
315095
315136
315177
315218
315259
315300
315341
315382
315423
315464
315505
315546
315587
315628
315669
315710
315751
315792
315833
315874
315915
315956
315997
316038
316079
316120
316161
316202
316243
316284
316325
316366
316407
316448
316489
316530
316571
316612
316653
316694
316735
316776
316817
316858
316899
316940
316981
317022
317063
317104
317145
317186
317227
317268
317309
317350
317391
317432
317473
317514
317555
317596
317637
317678
317719
317760
317801
317842
317883
317924
317965
318006
318047
318088
318129
318170
318211
318252
318293
318334
318375
318416
318457
318498
318539
318580
318621
318662
318703
318744
318785
318826
318867
318908
318949
318990
319031
319072
319113
319154
319195
319236
319277
319318
319359
319400
319441
319482
319523
319564
319605
319646
319687
319728
319769
319810
319851
319892
319933
319974
320015
320056
320097
320138
320179
320220
320261
320302
320343
320384
320425
320466
320507
320548
320589
320630
320671
320712
320753
320794
320835
320876
320917
320958
320999
321040
321081
321122
321163
321204
321245
321286
321327
321368
321409
321450
321491
321532
321573
321614
321655
321696
321737
321778
321819
321860
321901
321942
321983
322024
322065
322106
322147
322188
322229
322270
322311
322352
322393
322434
322475
322516
322557
322598
322639
322680
322721
322762
322803
322844
322885
322926
322967
323008
323049
323090
323131
323172
323213
323254
323295
323336
323377
323418
323459
323500
323541
323582
323623
323664
323705
323746
323787
323828
323869
323910
323951
323992
324033
324074
324115
324156
324197
324238
324279
324320
324361
324402
324443
324484
324525
324566
324607
324648
324689
324730
324771
324812
324853
324894
324935
324976
325017
325058
325099
325140
325181
325222
325263
325304
325345
325386
325427
325468
325509
325550
325591
325632
325673
325714
325755
325796
325837
325878
325919
325960
326001
326042
326083
326124
326165
326206
326247
326288
326329
326370
326411
326452
326493
326534
326575
326616
326657
326698
326739
326780
326821
326862
326903
326944
326985
327026
327067
327108
327149
327190
327231
327272
327313
327354
327395
327436
327477
327518
327559
327600
327641
327682
327723
327764
327805
327846
327887
327928
327969
328010
328051
328092
328133
328174
328215
328256
328297
328338
328379
328420
328461
328502
328543
328584
328625
328666
328707
328748
328789
328830
328871
328912
328953
328994
329035
329076
329117
329158
329199
329240
329281
329322
329363
329404
329445
329486
329527
329568
329609
329650
329691
329732
329773
329814
329855
329896
329937
329978
330019
330060
330101
330142
330183
330224
330265
330306
330347
330388
330429
330470
330511
330552
330593
330634
330675
330716
330757
330798
330839
330880
330921
330962
331003
331044
331085
331126
331167
331208
331249
331290
331331
331372
331413
331454
331495
331536
331577
331618
331659
331700
331741
331782
331823
331864
331905
331946
331987
332028
332069
332110
332151
332192
332233
332274
332315
332356
332397
332438
332479
332520
332561
332602
332643
332684
332725
332766
332807
332848
332889
332930
332971
333012
333053
333094
333135
333176
333217
333258
333299
333340
333381
333422
333463
333504
333545
333586
333627
333668
333709
333750
333791
333832
333873
333914
333955
333996
334037
334078
334119
334160
334201
334242
334283
334324
334365
334406
334447
334488
334529
334570
334611
334652
334693
334734
334775
334816
334857
334898
334939
334980
335021
335062
335103
335144
335185
335226
335267
335308
335349
335390
335431
335472
335513
335554
335595
335636
335677
335718
335759
335800
335841
335882
335923
335964
336005
336046
336087
336128
336169
336210
336251
336292
336333
336374
336415
336456
336497
336538
336579
336620
336661
336702
336743
336784
336825
336866
336907
336948
336989
337030
337071
337112
337153
337194
337235
337276
337317
337358
337399
337440
337481
337522
337563
337604
337645
337686
337727
337768
337809
337850
337891
337932
337973
338014
338055
338096
338137
338178
338219
338260
338301
338342
338383
338424
338465
338506
338547
338588
338629
338670
338711
338752
338793
338834
338875
338916
338957
338998
339039
339080
339121
339162
339203
339244
339285
339326
339367
339408
339449
339490
339531
339572
339613
339654
339695
339736
339777
339818
339859
339900
339941
339982
340023
340064
340105
340146
340187
340228
340269
340310
340351
340392
340433
340474
340515
340556
340597
340638
340679
340720
340761
340802
340843
340884
340925
340966
341007
341048
341089
341130
341171
341212
341253
341294
341335
341376
341417
341458
341499
341540
341581
341622
341663
341704
341745
341786
341827
341868
341909
341950
341991
342032
342073
342114
342155
342196
342237
342278
342319
342360
342401
342442
342483
342524
342565
342606
342647
342688
342729
342770
342811
342852
342893
342934
342975
343016
343057
343098
343139
343180
343221
343262
343303
343344
343385
343426
343467
343508
343549
343590
343631
343672
343713
343754
343795
343836
343877
343918
343959
344000
344041
344082
344123
344164
344205
344246
344287
344328
344369
344410
344451
344492
344533
344574
344615
344656
344697
344738
344779
344820
344861
344902
344943
344984
345025
345066
345107
345148
345189
345230
345271
345312
345353
345394
345435
345476
345517
345558
345599
345640
345681
345722
345763
345804
345845
345886
345927
345968
346009
346050
346091
346132
346173
346214
346255
346296
346337
346378
346419
346460
346501
346542
346583
346624
346665
346706
346747
346788
346829
346870
346911
346952
346993
347034
347075
347116
347157
347198
347239
347280
347321
347362
347403
347444
347485
347526
347567
347608
347649
347690
347731
347772
347813
347854
347895
347936
347977
348018
348059
348100
348141
348182
348223
348264
348305
348346
348387
348428
348469
348510
348551
348592
348633
348674
348715
348756
348797
348838
348879
348920
348961
349002
349043
349084
349125
349166
349207
349248
349289
349330
349371
349412
349453
349494
349535
349576
349617
349658
349699
349740
349781
349822
349863
349904
349945
349986
350027
350068
350109
350150
350191
350232
350273
350314
350355
350396
350437
350478
350519
350560
350601
350642
350683
350724
350765
350806
350847
350888
350929
350970
351011
351052
351093
351134
351175
351216
351257
351298
351339
351380
351421
351462
351503
351544
351585
351626
351667
351708
351749
351790
351831
351872
351913
351954
351995
352036
352077
352118
352159
352200
352241
352282
352323
352364
352405
352446
352487
352528
352569
352610
352651
352692
352733
352774
352815
352856
352897
352938
352979
353020
353061
353102
353143
353184
353225
353266
353307
353348
353389
353430
353471
353512
353553
353594
353635
353676
353717
353758
353799
353840
353881
353922
353963
354004
354045
354086
354127
354168
354209
354250
354291
354332
354373
354414
354455
354496
354537
354578
354619
354660
354701
354742
354783
354824
354865
354906
354947
354988
355029
355070
355111
355152
355193
355234
355275
355316
355357
355398
355439
355480
355521
355562
355603
355644
355685
355726
355767
355808
355849
355890
355931
355972
356013
356054
356095
356136
356177
356218
356259
356300
356341
356382
356423
356464
356505
356546
356587
356628
356669
356710
356751
356792
356833
356874
356915
356956
356997
357038
357079
357120
357161
357202
357243
357284
357325
357366
357407
357448
357489
357530
357571
357612
357653
357694
357735
357776
357817
357858
357899
357940
357981
358022
358063
358104
358145
358186
358227
358268
358309
358350
358391
358432
358473
358514
358555
358596
358637
358678
358719
358760
358801
358842
358883
358924
358965
359006
359047
359088
359129
359170
359211
359252
359293
359334
359375
359416
359457
359498
359539
359580
359621
359662
359703
359744
359785
359826
359867
359908
359949
359990
360031
360072
360113
360154
360195
360236
360277
360318
360359
360400
360441
360482
360523
360564
360605
360646
360687
360728
360769
360810
360851
360892
360933
360974
361015
361056
361097
361138
361179
361220
361261
361302
361343
361384
361425
361466
361507
361548
361589
361630
361671
361712
361753
361794
361835
361876
361917
361958
361999
362040
362081
362122
362163
362204
362245
362286
362327
362368
362409
362450
362491
362532
362573
362614
362655
362696
362737
362778
362819
362860
362901
362942
362983
363024
363065
363106
363147
363188
363229
363270
363311
363352
363393
363434
363475
363516
363557
363598
363639
363680
363721
363762
363803
363844
363885
363926
363967
364008
364049
364090
364131
364172
364213
364254
364295
364336
364377
364418
364459
364500
364541
364582
364623
364664
364705
364746
364787
364828
364869
364910
364951
364992
365033
365074
365115
365156
365197
365238
365279
365320
365361
365402
365443
365484
365525
365566
365607
365648
365689
365730
365771
365812
365853
365894
365935
365976
366017
366058
366099
366140
366181
366222
366263
366304
366345
366386
366427
366468
366509
366550
366591
366632
366673
366714
366755
366796
366837
366878
366919
366960
367001
367042
367083
367124
367165
367206
367247
367288
367329
367370
367411
367452
367493
367534
367575
367616
367657
367698
367739
367780
367821
367862
367903
367944
367985
368026
368067
368108
368149
368190
368231
368272
368313
368354
368395
368436
368477
368518
368559
368600
368641
368682
368723
368764
368805
368846
368887
368928
368969
369010
369051
369092
369133
369174
369215
369256
369297
369338
369379
369420
369461
369502
369543
369584
369625
369666
369707
369748
369789
369830
369871
369912
369953
369994
370035
370076
370117
370158
370199
370240
370281
370322
370363
370404
370445
370486
370527
370568
370609
370650
370691
370732
370773
370814
370855
370896
370937
370978
371019
371060
371101
371142
371183
371224
371265
371306
371347
371388
371429
371470
371511
371552
371593
371634
371675
371716
371757
371798
371839
371880
371921
371962
372003
372044
372085
372126
372167
372208
372249
372290
372331
372372
372413
372454
372495
372536
372577
372618
372659
372700
372741
372782
372823
372864
372905
372946
372987
373028
373069
373110
373151
373192
373233
373274
373315
373356
373397
373438
373479
373520
373561
373602
373643
373684
373725
373766
373807
373848
373889
373930
373971
374012
374053
374094
374135
374176
374217
374258
374299
374340
374381
374422
374463
374504
374545
374586
374627
374668
374709
374750
374791
374832
374873
374914
374955
374996
375037
375078
375119
375160
375201
375242
375283
375324
375365
375406
375447
375488
375529
375570
375611
375652
375693
375734
375775
375816
375857
375898
375939
375980
376021
376062
376103
376144
376185
376226
376267
376308
376349
376390
376431
376472
376513
376554
376595
376636
376677
376718
376759
376800
376841
376882
376923
376964
377005
377046
377087
377128
377169
377210
377251
377292
377333
377374
377415
377456
377497
377538
377579
377620
377661
377702
377743
377784
377825
377866
377907
377948
377989
378030
378071
378112
378153
378194
378235
378276
378317
378358
378399
378440
378481
378522
378563
378604
378645
378686
378727
378768
378809
378850
378891
378932
378973
379014
379055
379096
379137
379178
379219
379260
379301
379342
379383
379424
379465
379506
379547
379588
379629
379670
379711
379752
379793
379834
379875
379916
379957
379998
380039
380080
380121
380162
380203
380244
380285
380326
380367
380408
380449
380490
380531
380572
380613
380654
380695
380736
380777
380818
380859
380900
380941
380982
381023
381064
381105
381146
381187
381228
381269
381310
381351
381392
381433
381474
381515
381556
381597
381638
381679
381720
381761
381802
381843
381884
381925
381966
382007
382048
382089
382130
382171
382212
382253
382294
382335
382376
382417
382458
382499
382540
382581
382622
382663
382704
382745
382786
382827
382868
382909
382950
382991
383032
383073
383114
383155
383196
383237
383278
383319
383360
383401
383442
383483
383524
383565
383606
383647
383688
383729
383770
383811
383852
383893
383934
383975
384016
384057
384098
384139
384180
384221
384262
384303
384344
384385
384426
384467
384508
384549
384590
384631
384672
384713
384754
384795
384836
384877
384918
384959
385000
385041
385082
385123
385164
385205
385246
385287
385328
385369
385410
385451
385492
385533
385574
385615
385656
385697
385738
385779
385820
385861
385902
385943
385984
386025
386066
386107
386148
386189
386230
386271
386312
386353
386394
386435
386476
386517
386558
386599
386640
386681
386722
386763
386804
386845
386886
386927
386968
387009
387050
387091
387132
387173
387214
387255
387296
387337
387378
387419
387460
387501
387542
387583
387624
387665
387706
387747
387788
387829
387870
387911
387952
387993
388034
388075
388116
388157
388198
388239
388280
388321
388362
388403
388444
388485
388526
388567
388608
388649
388690
388731
388772
388813
388854
388895
388936
388977
389018
389059
389100
389141
389182
389223
389264
389305
389346
389387
389428
389469
389510
389551
389592
389633
389674
389715
389756
389797
389838
389879
389920
389961
390002
390043
390084
390125
390166
390207
390248
390289
390330
390371
390412
390453
390494
390535
390576
390617
390658
390699
390740
390781
390822
390863
390904
390945
390986
391027
391068
391109
391150
391191
391232
391273
391314
391355
391396
391437
391478
391519
391560
391601
391642
391683
391724
391765
391806
391847
391888
391929
391970
392011
392052
392093
392134
392175
392216
392257
392298
392339
392380
392421
392462
392503
392544
392585
392626
392667
392708
392749
392790
392831
392872
392913
392954
392995
393036
393077
393118
393159
393200
393241
393282
393323
393364
393405
393446
393487
393528
393569
393610
393651
393692
393733
393774
393815
393856
393897
393938
393979
394020
394061
394102
394143
394184
394225
394266
394307
394348
394389
394430
394471
394512
394553
394594
394635
394676
394717
394758
394799
394840
394881
394922
394963
395004
395045
395086
395127
395168
395209
395250
395291
395332
395373
395414
395455
395496
395537
395578
395619
395660
395701
395742
395783
395824
395865
395906
395947
395988
396029
396070
396111
396152
396193
396234
396275
396316
396357
396398
396439
396480
396521
396562
396603
396644
396685
396726
396767
396808
396849
396890
396931
396972
397013
397054
397095
397136
397177
397218
397259
397300
397341
397382
397423
397464
397505
397546
397587
397628
397669
397710
397751
397792
397833
397874
397915
397956
397997
398038
398079
398120
398161
398202
398243
398284
398325
398366
398407
398448
398489
398530
398571
398612
398653
398694
398735
398776
398817
398858
398899
398940
398981
399022
399063
399104
399145
399186
399227
399268
399309
399350
399391
399432
399473
399514
399555
399596
399637
399678
399719
399760
399801
399842
399883
399924
399965
400006
400047
400088
400129
400170
400211
400252
400293
400334
400375
400416
400457
400498
400539
400580
400621
400662
400703
400744
400785
400826
400867
400908
400949
400990
401031
401072
401113
401154
401195
401236
401277
401318
401359
401400
401441
401482
401523
401564
401605
401646
401687
401728
401769
401810
401851
401892
401933
401974
402015
402056
402097
402138
402179
402220
402261
402302
402343
402384
402425
402466
402507
402548
402589
402630
402671
402712
402753
402794
402835
402876
402917
402958
402999
403040
403081
403122
403163
403204
403245
403286
403327
403368
403409
403450
403491
403532
403573
403614
403655
403696
403737
403778
403819
403860
403901
403942
403983
404024
404065
404106
404147
404188
404229
404270
404311
404352
404393
404434
404475
404516
404557
404598
404639
404680
404721
404762
404803
404844
404885
404926
404967
405008
405049
405090
405131
405172
405213
405254
405295
405336
405377
405418
405459
405500
405541
405582
405623
405664
405705
405746
405787
405828
405869
405910
405951
405992
406033
406074
406115
406156
406197
406238
406279
406320
406361
406402
406443
406484
406525
406566
406607
406648
406689
406730
406771
406812
406853
406894
406935
406976
407017
407058
407099
407140
407181
407222
407263
407304
407345
407386
407427
407468
407509
407550
407591
407632
407673
407714
407755
407796
407837
407878
407919
407960
408001
408042
408083
408124
408165
408206
408247
408288
408329
408370
408411
408452
408493
408534
408575
408616
408657
408698
408739
408780
408821
408862
408903
408944
408985
409026
409067
409108
409149
409190
409231
409272
409313
409354
409395
409436
409477
409518
409559
409600
409641
409682
409723
409764
409805
409846
409887
409928
409969
410010
410051
410092
410133
410174
410215
410256
410297
410338
410379
410420
410461
410502
410543
410584
410625
410666
410707
410748
410789
410830
410871
410912
410953
410994
411035
411076
411117
411158
411199
411240
411281
411322
411363
411404
411445
411486
411527
411568
411609
411650
411691
411732
411773
411814
411855
411896
411937
411978
412019
412060
412101
412142
412183
412224
412265
412306
412347
412388
412429
412470
412511
412552
412593
412634
412675
412716
412757
412798
412839
412880
412921
412962
413003
413044
413085
413126
413167
413208
413249
413290
413331
413372
413413
413454
413495
413536
413577
413618
413659
413700
413741
413782
413823
413864
413905
413946
413987
414028
414069
414110
414151
414192
414233
414274
414315
414356
414397
414438
414479
414520
414561
414602
414643
414684
414725
414766
414807
414848
414889
414930
414971
415012
415053
415094
415135
415176
415217
415258
415299
415340
415381
415422
415463
415504
415545
415586
415627
415668
415709
415750
415791
415832
415873
415914
415955
415996
416037
416078
416119
416160
416201
416242
416283
416324
416365
416406
416447
416488
416529
416570
416611
416652
416693
