12426
12433
12440
12447
12454
12461
12468
12475
12482
12489
12496
12503
12510
12517
12524
12531
12538
12545
12552
12559
12566
12573
12580
12582
12587
12594
12601
12608
12615
12617
12622
12629
12636
12643
12650
12657
12664
12664
12668
12671
12671
12677
12678
12685
12692
12699
12699
12706
12713
12720
12727
12727
12734
12741
12748
12750
12755
12762
12769
12769
12776
12783
12790
12797
12797
12804
12811
12813
12818
12825
12827
12832
12839
12846
12853
12855
12856
12856
12860
12863
12867
12874
12881
12888
12889
12895
12902
12909
12910
12916
12923
12929
12930
12937
12944
12951
12958
12961
12965
12972
12979
12986
12993
13000
13001
13006
13007
13014
13021
13028
13031
13035
13042
13049
13055
13056
13060
13062
13063
13063
13070
13077
13082
13084
13091
13098
13102
13105
13112
13117
13119
13122
13126
13133
13133
13140
13147
13154
13157
13161
13162
13163
13164
13168
13174
13175
13179
13182
13182
13189
13196
13199
13203
13205
13207
13210
13217
13223
13224
13231
13232
13234
13238
13240
13245
13249
13250
13252
13259
13264
13266
13273
13275
13276
13280
13281
13287
13294
13300
13301
13308
13311
13315
13320
13321
13321
13322
13323
13325
13326
13328
13329
13331
13336
13339
13343
13350
13356
13357
13364
13365
13371
13372
13373
13373
13375
13375
13377
13378
13380
13385
13392
13399
13402
13403
13406
13413
13420
13421
13427
13427
13428
13434
13441
13447
13448
13454
13455
13462
13462
13469
13471
13471
13476
13483
13489
13489
13490
13492
13492
13497
13504
13510
13511
13518
13518
13520
13522
13525
13527
13532
13535
13538
13539
13546
13549
13553
13560
13566
13567
13570
13572
13574
13574
13574
13578
13581
13588
13588
13590
13591
13592
13595
13602
13607
13609
13616
13618
13623
13628
13630
13635
13637
13641
13644
13647
13651
13654
13655
13658
13660
13661
13665
13672
13677
13678
13679
13686
13693
13694
13696
13697
13700
13707
13710
13713
13714
13717
13718
13718
13721
13721
13728
13733
13735
13736
13737
13742
13749
13753
13754
13756
13760
13763
13770
13777
13780
13784
13785
13791
13791
13796
13798
13799
13800
13801
13802
13805
13805
13812
13819
13821
13826
13830
13833
13835
13839
13840
13847
13850
13854
13859
13861
13861
13868
13875
13877
13881
13882
13889
13892
13896
13901
13903
13906
13910
13913
13917
13924
13927
13928
13931
13938
13939
13942
13945
13945
13948
13952
13953
13959
13963
13966
13966
13969
13971
13973
13980
13987
13991
13994
13997
14000
14001
14005
14008
14012
14015
14015
14022
14028
14029
14036
14038
14040
14043
14050
14057
14064
14068
14071
14078
14080
14085
14089
14091
14092
14095
14096
14099
14106
14113
14117
14120
14122
14127
14134
14141
14141
14146
14148
14154
14155
14158
14162
14169
14170
14176
14183
14190
14191
14197
14200
14204
14211
14218
14220
14224
14225
14226
14232
14239
14243
14246
14253
14253
14256
14260
14264
14267
14273
14274
14281
14288
14288
14289
14293
14293
14295
14302
14308
14309
14315
14316
14323
14324
14328
14330
14337
14338
14340
14342
14344
14344
14348
14351
14354
14358
14365
14370
14372
14379
14379
14386
14386
14390
14393
14397
14400
14402
14405
14407
14414
14421
14425
14425
14428
14433
14435
14442
14443
14449
14450
14456
14456
14459
14463
14463
14465
14470
14477
14477
14483
14484
14491
14498
14505
14509
14510
14510
14512
14516
14519
14526
14528
14531
14533
14535
14539
14540
14540
14547
14547
14549
14551
14552
14554
14555
14561
14562
14568
14569
14570
14571
14575
14582
14589
14595
14596
14597
14603
14607
14608
14609
14609
14610
14612
14613
14615
14617
14617
14617
14624
14630
14631
14632
14634
14637
14638
14638
14640
14643
14645
14645
14646
14647
14649
14652
14656
14659
14666
14666
14673
14680
14687
14694
14695
14701
14702
14706
14708
14711
14712
14712
14715
14716
14718
14722
14725
14729
14730
14736
14743
14750
14757
14764
14766
14768
14771
14772
14778
14779
14782
14785
14786
14788
14791
14792
14799
14803
14804
14806
14810
14811
14813
14813
14820
14824
14827
14834
14839
14841
14843
14848
14853
14855
14861
14862
14865
14869
14869
14871
14876
14883
14886
14888
14889
14890
14897
14904
14904
14909
14911
14914
14918
14922
14923
14924
14924
14925
14932
14939
14943
14946
14953
14956
14960
14960
14966
14967
14974
14979
14979
14981
14985
14988
14989
14994
14995
15002
15009
15010
15011
15016
15018
15023
15024
15030
15031
15037
15044
15051
15052
15058
15058
15065
15071
15072
15073
15073
15079
15083
15084
15086
15093
15093
15093
15095
15100
15107
15107
15112
15113
15114
15120
15121
15126
15128
15133
15135
15141
15142
15148
15149
15156
15157
15159
15163
15170
15176
15177
15180
15184
15191
15193
15195
15196
15198
15203
15205
15205
15208
15212
15219
15226
15233
15240
15240
15241
15247
15254
15261
15262
15268
15275
15277
15282
15286
15289
15296
15302
15303
15308
15310
15312
15314
15317
15324
15327
15331
15336
15338
15345
15348
15352
15354
15359
15366
15366
15373
15376
15380
15385
15387
15394
15396
15401
15408
15410
15415
15416
15422
15429
15436
15443
15448
15450
15456
15457
15457
15464
15471
15478
15484
15485
15490
15492
15498
15499
15505
15506
15506
15507
15513
15514
15517
15520
15527
15529
15532
15533
15534
15534
15541
15548
15555
15562
15562
15566
15569
15572
15574
15576
15583
15583
15590
15590
15596
15597
15604
15611
15618
15624
15625
15627
15632
15638
15639
15644
15646
15653
15653
15660
15667
15668
15671
15671
15674
15675
15676
15681
15688
15689
15695
15701
15702
15706
15709
15710
15714
15716
15719
15723
15723
15724
15729
15730
15737
15744
15746
15751
15752
15754
15756
15758
15765
15767
15772
15772
15779
15786
15793
15796
15800
15807
15807
15814
15814
15821
15822
15828
15835
15836
15842
15844
15849
15854
15856
15860
15863
15863
15866
15870
15870
15877
15877
15884
15888
15891
15893
15898
15903
15905
15912
15919
15922
15926
15931
15933
15940
15941
15945
15947
15954
15957
15961
15968
15974
15975
15978
15982
15989
15994
15994
15995
15996
16003
16010
16014
16017
16020
16023
16024
16030
16031
16035
16037
16038
16045
16046
16047
16052
16056
16056
16059
16064
16065
16066
16073
16075
16080
16080
16082
16087
16090
16094
16097
16101
16103
16106
16108
16115
16116
16117
16122
16128
16129
16135
16136
16143
16147
16150
16153
16157
16160
16164
16167
16171
16175
16178
16184
16185
16191
16192
16192
16194
16194
16199
16206
16207
16207
16211
16212
16213
16220
16227
16233
16234
16240
16241
16243
16248
16249
16253
16255
16262
16265
16266
16266
16269
16269
16271
16276
16283
16290
16297
16297
16300
16304
16311
16316
16318
16319
16324
16325
16326
16327
16331
16332
16333
16339
16346
16353
16360
16364
16367
16368
16374
16374
16381
16385
16387
16388
16395
16396
16402
16402
16406
16409
16410
16411
16416
16420
16422
16423
16428
16430
16437
16444
16451
16458
16461
16461
16464
16465
16468
16469
16472
16472
16473
16479
16486
16486
16493
16495
16498
16500
16504
16505
16507
16509
16509
16509
16514
16515
16516
16517
16521
16526
16527
16528
16531
16535
16536
16542
16549
16554
16556
16562
16563
16570
16571
16577
16583
16584
16591
16598
16605
16612
16617
16619
16626
16627
16629
16633
16639
16640
16647
16649
16650
16654
16661
16663
16668
16675
16680
16682
16682
16689
16696
16696
16703
16704
16705
16710
16717
16720
16724
16724
16731
16738
16738
16738
16740
16741
16744
16745
16746
16752
16753
16759
16763
16764
16766
16766
16773
16780
16780
16787
16788
16794
16798
16801
16808
16808
16815
16822
16827
16829
16836
16843
16846
16850
16857
16864
16870
16871
16872
16878
16882
16885
16888
16892
16894
16899
16906
16907
16913
16920
16921
16927
16934
16934
16941
16942
16948
16955
16958
16958
16961
16962
16962
16964
16969
16976
16976
16983
16984
16990
16997
16999
17000
17004
17010
17011
17018
17022
17025
17032
17035
17036
17038
17038
17039
17046
17053
17056
17060
17063
17063
17067
17074
17081
17084
17084
17085
17088
17089
17094
17095
17102
17106
17109
17116
17122
17122
17123
17125
17126
17126
17130
17136
17137
17138
17139
17144
17151
17158
17158
17159
17159
17161
17163
17165
17172
17174
17179
17186
17190
17193
17196
17200
17205
17206
17207
17214
17217
17218
17221
17221
17228
17232
17235
17237
17242
17245
17249
17252
17256
17257
17263
17263
17265
17270
17277
17284
17285
17289
17291
17292
17294
17295
17298
17304
17305
17308
17312
17319
17326
17332
17333
17333
17337
17337
17340
17340
17342
17343
17347
17354
17356
17361
17364
17368
17375
17377
17382
17389
17394
17396
17397
17403
17405
17410
17412
17417
17424
17425
17426
17426
17428
17431
17438
17444
17445
17451
17452
17454
17459
17465
17466
17473
17474
17480
17487
17493
17494
17499
17501
17504
17508
17511
17511
17515
17522
17523
17529
17536
17543
17547
17550
17557
17564
17568
17571
17571
17575
17578
17580
17585
17592
17598
17599
17606
17611
17613
17616
17620
17624
17627
17632
17634
17639
17641
17641
17644
17647
17648
17650
17655
17657
17657
17662
17662
17668
17669
17672
17674
17676
17677
17683
17690
17697
17702
17704
17706
17708
17711
17718
17725
17727
17732
17739
17746
17750
17753
17757
17760
17767
17770
17774
17774
17781
17787
17788
17788
17795
17798
17800
17800
17802
17806
17809
17810
17816
17816
17818
17819
17819
17820
17820
17823
17830
17836
17837
17844
17849
17849
17851
17858
17865
17866
17872
17874
17876
17876
17879
17885
17886
17893
17900
17900
17907
17909
17912
17914
17921
17924
17928
17935
17935
17939
17942
17946
17949
17949
17951
17956
17956
17958
17963
17965
17965
17970
17975
17977
17980
17984
17985
17988
17991
17998
18004
18005
18006
18012
18014
18018
18019
18024
18026
18026
18033
18038
18040
18047
18049
18049
18052
18054
18056
18061
18064
18066
18067
18068
18072
18075
18076
18082
18082
18089
18090
18092
18096
18097
18103
18105
18110
18110
18117
18124
18131
18138
18138
18140
18145
18147
18152
18159
18166
18172
18173
18180
18180
18182
18184
18187
18194
18198
18201
18202
18202
18203
18204
18208
18215
18222
18229
18233
18236
18236
18238
18240
18242
18243
18247
18250
18251
18257
18264
18268
18271
18271
18275
18275
18278
18280
18280
18285
18290
18290
18292
18294
18296
18299
18301
18305
18306
18310
18310
18312
18313
18320
18327
18327
18334
18341
18348
18351
18355
18362
18369
18376
18383
18390
18391
18396
18397
18404
18411
18418
18425
18427
18427
18432
18432
18436
18439
18439
18444
18446
18453
18460
18465
18467
18474
18481
18486
18488
18495
18501
18502
18503
18509
18513
18516
18517
18518
18521
18523
18530
18531
18531
18537
18538
18544
18547
18547
18551
18551
18558
18562
18565
18567
18572
18579
18581
18586
18593
18600
18600
18607
18607
18612
18614
18618
18621
18628
18635
18642
18643
18643
18646
18649
18649
18653
18656
18661
18663
18665
18670
18671
18677
18677
18684
18691
18693
18698
18705
18710
18712
18716
18719
18721
18726
18733
18740
18747
18748
18754
18754
18761
18761
18765
18767
18768
18773
18775
18782
18789
18796
18799
18803
18807
18810
18817
18819
18822
18823
18824
18826
18831
18838
18845
18849
18852
18859
18866
18873
18873
18874
18879
18880
18887
18887
18894
18901
18901
18905
18908
18908
18915
18918
18921
18922
18929
18929
18936
18936
18942
18943
18950
18952
18957
18963
18964
18967
18968
18971
18976
18978
18985
18987
18992
18999
19006
19013
19020
19020
19026
19027
19028
19030
19030
19034
19039
19041
19044
19044
19048
19053
19055
19062
19069
19076
19082
19083
19084
19088
19090
19097
19097
19104
19111
19111
19116
19118
19125
19132
19139
19145
19146
19153
19160
19167
19174
19176
19181
19188
19190
19195
19195
19197
19201
19202
19203
19207
19209
19216
19220
19221
19223
19230
19237
19237
19244
19247
19251
19258
19260
19261
19264
19265
19268
19269
19272
19279
19281
19286
19293
19300
19303
19304
19306
19307
19307
19314
19321
19323
19325
19328
19329
19335
19339
19342
19349
19356
19363
19370
19370
19371
19377
19384
19391
19392
19393
19397
19398
19399
19401
19405
19411
19412
19413
19419
19426
19433
19433
19436
19440
19447
19454
19461
19467
19468
19468
19475
19481
19482
19489
19491
19496
19498
19498
19500
19503
19510
19512
19517
19521
19524
19531
19534
19538
19545
19547
19551
19552
19552
19552
19556
19559
19559
19560
19562
19566
19566
19573
19576
19580
19586
19587
19589
19594
19601
19608
19608
19615
19616
19622
19622
19622
19626
19629
19629
19631
19632
19636
19636
19638
19643
19643
19646
19650
19652
19657
19664
19664
19665
19666
19671
19675
19678
19685
19686
19688
19692
19699
19700
19701
19706
19712
19713
19716
19719
19720
19720
19727
19728
19729
19732
19734
19737
19741
19744
19748
19750
19755
19760
19762
19767
19769
19776
19776
19783
19790
19796
19797
19804
19805
19811
19814
19818
19825
19827
19828
19832
19834
19839
19846
19847
19853
19854
19856
19860
19867
19874
19881
19888
19888
19893
19895
19902
19905
19909
19910
19911
19916
19923
19927
19929
19930
19937
19944
19944
19945
19951
19951
19956
19958
19965
19972
19976
19979
19979
19983
19986
19991
19993
20000
20000
20002
20003
20007
20007
20009
20010
20010
20014
20019
20021
20027
20028
20035
20035
20042
20042
20049
20052
20056
20061
20061
20063
20070
20071
20077
20079
20080
20081
20084
20084
20091
20091
20098
20105
20110
20112
20117
20119
20121
20122
20126
20126
20128
20129
20133
20134
20137
20140
20147
20154
20154
20161
20162
20168
20168
20172
20175
20182
20189
20191
20196
20198
20199
20199
20201
20203
20210
20217
20219
20224
20228
20230
20231
20238
20238
20244
20245
20252
20257
20259
20266
20273
20280
20287
20288
20290
20293
20294
20298
20301
20303
20305
20308
20309
20315
20315
20322
20328
20329
20330
20336
20336
20338
20340
20343
20350
20357
20363
20364
20371
20372
20378
20385
20385
20392
20399
20402
20406
20408
20409
20413
20415
20417
20420
20427
20427
20431
20434
20434
20441
20443
20446
20448
20449
20451
20451
20455
20462
20469
20469
20476
20479
20483
20490
20497
20497
20501
20504
20509
20511
20518
20521
20525
20532
20535
20539
20546
20553
20560
20563
20567
20574
20581
20584
20588
20591
20595
20597
20597
20602
20608
20608
20609
20616
20623
20630
20636
20637
20640
20643
20644
20651
20655
20658
20662
20664
20665
20668
20668
20672
20672
20676
20679
20679
20682
20684
20685
20686
20687
20690
20693
20700
20700
20707
20714
20716
20719
20721
20722
20728
20735
20739
20742
20743
20749
20751
20756
20757
20759
20759
20761
20763
20763
20770
20775
20775
20777
20784
20788
20790
20791
20791
20798
20805
20805
20805
20808
20812
20819
20822
20826
20827
20832
20833
20833
20840
20843
20847
20853
20853
20854
20858
20861
20868
20875
20882
20889
20896
20898
20903
20906
20908
20910
20910
20912
20913
20917
20922
20924
20928
20929
20931
20934
20938
20943
20945
20947
20952
20956
20959
20959
20960
20963
20966
20971
20973
20977
20980
20987
20991
20992
20994
20995
21001
21001
21008
21013
21015
21017
21020
21022
21029
21036
21043
21044
21050
21057
21064
21069
21071
21074
21078
21078
21083
21084
21085
21086
21089
21090
21092
21094
21099
21099
21103
21106
21113
21120
21120
21127
21127
21134
21141
21144
21148
21150
21155
21162
21164
21165
21169
21170
21170
21171
21176
21177
21183
21183
21190
21192
21197
21199
21204
21211
21216
21218
21225
21225
21225
21226
21232
21236
21239
21244
21246
21246
21253
21256
21256
21260
21265
21265
21267
21273
21274
21277
21281
21284
21288
21295
21295
21296
21297
21297
21302
21309
21312
21316
21323
21326
21330
21333
21335
21337
21344
21351
21358
21358
21364
21365
21372
21372
21372
21379
21384
21386
21393
21400
21402
21407
21414
21417
21419
21421
21428
21435
21439
21442
21445
21449
21456
21463
21463
21470
21477
21484
21491
21498
21499
21501
21505
21512
21513
21516
21519
21520
21522
21525
21526
21528
21533
21533
21540
21545
21547
21554
21557
21561
21566
21568
21575
21575
21580
21582
21588
21588
21589
21596
21603
21610
21617
21622
21624
21629
21630
21631
21632
21635
21637
21638
21645
21652
21659
21659
21662
21666
21671
21671
21673
21675
21680
21685
21687
21694
21694
21701
21708
21713
21715
21715
21718
21722
21724
21724
21729
21732
21736
21737
21738
21740
21742
21743
21749
21749
21750
21750
21757
21764
21769
21771
21775
21778
21778
21780
21784
21785
21787
21792
21799
21801
21806
21811
21813
21820
21820
21825
21827
21834
21841
21841
21845
21848
21848
21852
21853
21853
21853
21855
21858
21862
21865
21865
21869
21876
21883
21888
21890
21893
21897
21897
21897
21900
21902
21904
21911
21913
21918
21925
21932
21939
21939
21942
21946
21947
21949
21951
21953
21960
21960
21965
21965
21967
21969
21970
21974
21980
21981
21988
21995
21997
22002
22008
22009
22016
22018
22020
22021
22023
22024
22027
22030
22033
22035
22037
22044
22051
22055
22058
22060
22063
22065
22072
22079
22086
22091
22093
22098
22100
22101
22107
22114
22121
22128
22130
22135
22142
22143
22149
22151
22151
22156
22163
22163
22167
22170
22172
22177
22179
22184
22191
22198
22201
22205
22212
22219
22226
22229
22232
22233
22233
22240
22240
22241
22247
22254
22254
22261
22262
22264
22267
22268
22275
22276
22278
22280
22280
22281
22282
22284
22287
22287
22289
22296
22303
22303
22304
22306
22308
22310
22317
22324
22331
22331
22334
22337
22338
22340
22342
22345
22345
22345
22352
22356
22358
22359
22366
22373
22376
22380
22383
22387
22388
22390
22394
22396
22401
22401
22408
22415
22417
22422
22424
22429
22430
22436
22438
22438
22441
22443
22450
22454
22457
22464
22469
22471
22478
22480
22485
22492
22494
22499
22503
22506
22511
22513
22513
22520
22520
22526
22527
22534
22534
22541
22548
22552
22555
22562
22562
22565
22569
22569
22574
22576
22579
22583
22585
22588
22589
22589
22590
22593
22594
22597
22599
22603
22604
22610
22611
22616
22618
22622
22624
22625
22632
22639
22646
22648
22653
22660
22667
22674
22676
22681
22682
22688
22694
22695
22697
22702
22702
22709
22709
22711
22716
22718
22719
22723
22730
22731
22737
22739
22744
22751
22751
22755
22757
22758
22765
22765
22771
22772
22773
22779
22781
22786
22786
22787
22793
22800
22806
22807
22810
22814
22821
22828
22830
22835
22835
22842
22849
22856
22863
22864
22866
22870
22875
22877
22877
22884
22886
22891
22894
22896
22898
22898
22905
22912
22919
22926
22927
22929
22931
22933
22936
22940
22940
22947
22954
22961
22963
22963
22966
22966
22968
22969
22970
22975
22976
22982
22989
22993
22996
22997
23000
23002
23003
23003
23003
23005
23006
23010
23011
23012
23013
23017
23024
23031
23032
23036
23038
23044
23045
23046
23052
23059
23059
23061
23066
23073
23080
23082
23082
23086
23087
23094
23101
23108
23115
23122
23129
23136
23138
23143
23150
23153
23157
23158
23160
23164
23171
23171
23178
23179
23185
23192
23194
23199
23206
23211
23213
23213
23220
23221
23227
23234
23239
23241
23248
23255
23255
23258
23258
23262
23265
23269
23269
23274
23276
23280
23283
23287
23290
23297
23304
23310
23311
23314
23318
23320
23325
23332
23335
23338
23339
23346
23353
23357
23358
23359
23359
23360
23362
23367
23374
23375
23381
23388
23395
23402
23402
23403
23406
23409
23416
23423
23430
23433
23435
23436
23437
23441
23444
23451
23454
23455
23456
23458
23461
23465
23465
23465
23467
23472
23479
23480
23486
23486
23487
23490
23493
23493
23494
23499
23500
23507
23512
23514
23520
23521
23528
23535
23542
23549
23552
23556
23560
23560
23563
23570
23572
23577
23580
23584
23587
23587
23589
23590
23591
23593
23594
23598
23605
23605
23612
23619
23625
23626
23632
23633
23638
23640
23643
23647
23648
23653
23654
23660
23661
23663
23668
23673
23673
23675
23682
23688
23689
23694
23696
23696
23703
23710
23711
23714
23717
23720
23724
23731
23733
23738
23745
23747
23752
23759
23763
23766
23773
23776
23780
23780
23787
23790
23792
23793
23794
23801
23808
23815
23818
23822
23822
23823
23826
23828
23829
23830
23833
23834
23836
23843
23848
23850
23855
23857
23858
23864
23864
23867
23869
23871
23873
23874
23875
23878
23880
23882
23885
23892
23893
23894
23899
23901
23906
23913
23920
23927
23928
23934
23937
23938
23941
23948
23955
23958
23959
23962
23967
23969
23969
23976
23983
23990
23997
24002
24004
24011
24014
24016
24018
24025
24032
24036
24038
24039
24046
24046
24046
24047
24053
24060
24062
24067
24068
24074
24078
24081
24082
24083
24088
24088
24094
24095
24102
24109
24111
24112
24116
24122
24123
24124
24124
24128
24130
24132
24136
24137
24144
24146
24148
24151
24158
24165
24168
24168
24172
24179
24179
24186
24193
24197
24197
24200
24207
24212
24214
24218
24220
24221
24223
24223
24228
24232
24235
24239
24240
24241
24242
24243
24249
24249
24256
24262
24263
24267
24270
24277
24280
24284
24289
24291
24298
24299
24305
24312
24317
24319
24321
24326
24328
24333
24334
24336
24340
24342
24346
24347
24354
24359
24360
24361
24362
24365
24368
24375
24378
24380
24382
24383
24387
24389
24389
24392
24396
24398
24400
24402
24403
24410
24410
24417
24422
24423
24424
24431
24438
24439
24441
24445
24452
24456
24459
24466
24473
24478
24480
24486
24487
24493
24494
24501
24501
24508
24509
24511
24512
24515
24521
24522
24526
24529
24529
24536
24537
24543
24550
24551
24557
24564
24571
24578
24582
24585
24590
24592
24599
24602
24606
24608
24609
24613
24613
24620
24627
24634
24641
24641
24645
24646
24648
24650
24655
24662
24669
24676
24683
24690
24697
24704
24708
24711
24718
24722
24725
24727
24729
24732
24732
24739
24745
24746
24749
24751
24753
24760
24763
24767
24774
24775
24776
24778
24781
24783
24784
24788
24791
24795
24796
24801
24802
24809
24812
24816
24823
24826
24826
24830
24830
24831
24837
24839
24843
24844
24849
24851
24854
24858
24865
24868
24870
24872
24873
24879
24885
24886
24891
24893
24900
24907
24908
24909
24913
24914
24915
24921
24922
24928
24931
24935
24941
24942
24949
24956
24963
24966
24967
24970
24977
24984
24989
24991
24995
24995
24998
25003
25005
25007
25008
25008
25012
25014
25018
25019
25021
25026
25032
25033
25040
25047
25054
25061
25062
25067
25068
25075
25075
25078
25082
25088
25089
25095
25096
25103
25107
25110
25111
25117
25124
25130
25131
25138
25141
25145
25148
25149
25151
25152
25158
25159
25161
25165
25166
25172
25173
25180
25187
25194
25201
25205
25208
25215
25219
25222
25223
25227
25228
25229
25231
25236
25239
25243
25245
25250
25257
25257
25264
25265
25271
25278
25280
25283
25285
25287
25287
25292
25292
25299
25305
25306
25309
25313
25320
25321
25322
25324
25327
25328
25329
25330
25332
25333
25334
25334
25341
25344
25346
25348
25352
25355
25362
25369
25376
25379
25383
25390
25397
25398
25404
25405
25411
25412
25418
25420
25424
25425
25431
25432
25432
25439
25441
25446
25453
25460
25464
25467
25468
25474
25474
25481
25484
25486
25488
25495
25495
25497
25497
25502
25509
25514
25516
25523
25528
25529
25530
25531
25531
25534
25536
25537
25539
25544
25548
25551
25558
25558
25561
25564
25565
25565
25566
25569
25572
25572
25577
25579
25584
25586
25589
25593
25595
25600
25601
25607
25614
25621
25628
25635
25640
25642
25647
25649
25656
25661
25663
25663
25670
25675
25675
25677
25677
25682
25682
25684
25686
25691
25691
25694
25696
25698
25699
25705
25706
25709
25711
25712
25719
25726
25733
25735
25740
25740
25744
25744
25747
25754
25754
25755
25756
25761
25768
25769
25774
25775
25782
25783
25786
25789
25796
25803
25803
25804
25810
25810
25817
25817
25817
25822
25824
25825
25831
25832
25838
25845
25845
25848
25852
25853
25857
25859
25860
25865
25866
25872
25873
25873
25880
25882
25886
25887
25894
25895
25896
25899
25901
25906
25908
25913
25915
25915
25918
25922
25929
25933
25936
25938
25940
25942
25943
25948
25950
25951
25952
25957
25964
25965
25971
25978
25979
25985
25992
25992
25993
25998
25999
26006
26013
26019
26020
26023
26027
26030
26031
26034
26038
26041
26048
26051
26053
26055
26062
26069
26069
26072
26074
26075
26076
26083
26090
26093
26096
26097
26100
26101
26104
26111
26111
26112
26113
26118
26125
26130
26132
26132
26139
26142
26146
26153
26160
26167
26167
26167
26169
26174
26181
26188
26193
26195
26202
26203
26208
26209
26210
26216
26217
26220
26223
26228
26230
26234
26237
26244
26244
26249
26251
26256
26258
26258
26265
26266
26268
26272
26277
26279
26285
26286
26287
26293
26294
26300
26302
26303
26307
26307
26314
26321
26326
26326
26328
26329
26334
26334
26335
26342
26343
26347
26349
26356
26361
26363
26363
26368
26370
26370
26373
26377
26384
26386
26389
26390
26390
26391
26398
26400
26405
26406
26411
26412
26416
26419
26421
26423
26426
26428
26433
26440
26447
26448
26451
26454
26454
26458
26461
26468
26475
26482
26486
26489
26496
26503
26510
26513
26513
26517
26524
26526
26530
26531
26531
26531
26534
26538
26541
26545
26547
26550
26552
26555
26559
26561
26566
26573
26580
26584
26587
26592
26594
26600
26600
26601
26608
26615
26622
26622
26627
26629
26636
26643
26643
26647
26648
26650
26657
26658
26662
26664
26671
26672
26678
26685
26692
26694
26699
26700
26706
26713
26713
26720
26727
26734
26741
26744
26745
26748
26755
26759
26762
26768
26769
26769
26776
26777
26783
26790
26791
26794
26795
26797
26800
26804
26811
26818
26825
26825
26832
26835
26839
26844
26846
26848
26849
26853
26859
26860
26867
26871
26873
26874
26874
26878
26879
26880
26881
26888
26890
26895
26902
26904
26908
26909
26909
26909
26916
26918
26923
26923
26928
26930
26935
26937
26938
26944
26951
26958
26959
26965
26965
26968
26972
26972
26979
26986
26988
26993
26993
27000
27002
27007
27007
27010
27014
27020
27021
27028
27028
27031
27034
27035
27037
27042
27048
27049
27052
27056
27057
27060
27063
27070
27077
27077
27084
27091
27092
27095
27098
27104
27105
27112
27118
27118
27119
27121
27121
27125
27126
27129
27130
27133
27140
27141
27145
27145
27146
27147
27149
27150
27154
27157
27161
27161
27168
27169
27175
27181
27181
27182
27182
27189
27189
27195
27196
27203
27206
27210
27212
27217
27222
27224
27224
27228
27228
27231
27232
27233
27236
27238
27245
27245
27252
27253
27259
27262
27264
27266
27272
27273
27275
27276
27278
27280
27287
27290
27294
27296
27301
27308
27309
27309
27311
27315
27319
27322
27329
27332
27335
27336
27343
27346
27346
27350
27351
27354
27357
27360
27361
27364
27364
27371
27377
27378
27378
27378
27381
27385
27392
27394
27394
27394
27399
27404
27406
27411
27413
27417
27418
27420
27427
27434
27441
27443
27448
27449
27452
27453
27454
27455
27458
27462
27464
27464
27469
27472
27476
27480
27483
27490
27492
27492
27496
27497
27501
27502
27504
27504
27511
27511
27514
27518
27522
27523
27525
27532
27539
27546
27553
27553
27554
27558
27560
27566
27567
27568
27569
27572
27574
27580
27581
27581
27583
27585
27587
27588
27588
27592
27594
27595
27597
27601
27602
27605
27607
27609
27609
27609
27610
27616
27623
27630
27633
27637
27639
27644
27651
27651
27651
27652
27658
27665
27672
27673
27678
27679
27682
27682
27685
27686
27686
27693
27700
27700
27700
27707
27714
27720
27721
27724
27724
27728
27735
27742
27749
27756
27759
27763
27766
27768
27770
27773
27774
27777
27782
27784
27784
27787
27789
27791
27796
27798
27802
27805
27812
27813
27818
27819
27826
27829
27833
27840
27840
27847
27850
27851
27854
27861
27864
27867
27868
27873
27875
27882
27889
27896
27902
27903
27905
27910
27916
27917
27920
27924
27927
27929
27931
27937
27938
27940
27942
27942
27942
27944
27945
27952
27952
27959
27965
27966
27966
27971
27972
27973
27974
27980
27987
27994
28001
28006
28006
28008
28011
28013
28015
28017
28018
28022
28023
28029
28036
28043
28050
28057
28057
28064
28071
28078
28082
28085
28085
28089
28092
28092
28099
28101
28101
28106
28106
28113
28113
28120
28127
28127
28134
28134
28141
28148
28153
28154
28155
28162
28163
28169
28172
28176
28177
28183
28187
28188
28189
28190
28197
28204
28205
28211
28213
28218
28225
28226
28232
28236
28238
28239
28246
28253
28260
28264
28267
28273
28274
28278
28281
28288
28295
28302
28309
28312
28313
28315
28316
28322
28323
28330
28336
28337
28344
28349
28351
28351
28358
28358
28360
28365
28372
28372
28379
28382
28384
28386
28386
28391
28393
28398
28400
28400
28407
28414
28421
28421
28428
28435
28435
28442
28449
28453
28456
28460
28463
28470
28470
28473
28477
28484
28491
28493
28498
28501
28505
28512
28514
28519
28521
28523
28526
28526
28529
28533
28537
28540
28547
28547
28554
28556
28561
28568
28573
28575
28582
28589
28592
28596
28603
28607
28610
28610
28610
28617
28624
28624
28631
28634
28638
28640
28644
28645
28646
28652
28654
28655
28659
28659
28666
28673
28676
28680
28682
28687
28694
28696
28701
28708
28715
28717
28722
28722
28726
28727
28729
28736
28740
28743
28744
28750
28751
28756
28756
28757
28764
28771
28778
28785
28789
28792
28798
28799
28800
28806
28808
28811
28813
28813
28816
28818
28820
28827
28828
28829
28834
28835
28839
28839
28841
28846
28848
28848
28848
28855
28855
28855
28862
28865
28866
28867
28869
28872
28876
28883
28884
28889
28890
28891
28897
28903
28904
28905
28911
28914
28918
28923
28925
28930
28932
28936
28939
28940
28946
28951
28953
28954
28955
28957
28957
28960
28961
28967
28967
28974
28980
28981
28982
28983
28986
28986
28987
28988
28993
28995
29002
29003
29005
29006
29009
29010
29011
29016
29016
29017
29023
29024
29029
29030
29036
29037
29038
29044
29045
29046
29047
29051
29058
29063
29064
29065
29068
29072
29079
29080
29086
29092
29093
29093
29099
29100
29100
29101
29101
29106
29107
29114
29115
29121
29123
29128
29131
29132
29135
29139
29141
29142
29146
29149
29153
29156
29157
29162
29163
29166
29170
29174
29177
29184
29186
29191
29198
29199
29205
29212
29213
29214
29215
29219
29222
29225
29226
29227
29230
29233
29235
29236
29237
29240
29246
29247
29252
29254
29254
29261
29262
29268
29275
29281
29282
29283
29283
29289
29296
29296
29303
29305
29305
29308
29310
29317
29324
29328
29331
29338
29338
29345
29345
29352
29359
29365
29365
29366
29366
29367
29373
29380
29385
29387
29391
29394
29400
29401
29403
29405
29405
29408
29410
29413
29415
29422
29424
29429
29430
29434
29436
29441
29443
29450
29450
29454
29457
29464
29471
29478
29483
29485
29490
29492
29499
29506
29513
29515
29520
29527
29534
29541
29544
29548
29549
29555
29562
29569
29576
29583
29583
29590
29592
29595
29597
29604
29611
29618
29624
29625
29632
29639
29639
29646
29646
29650
29653
29656
29656
29660
29661
29667
29670
29673
29674
29676
29681
29682
29686
29686
29687
29688
29694
29695
29696
29699
29702
29702
29705
29707
29709
29711
29715
29716
29716
29717
29723
29727
29730
29737
29744
29748
29749
29751
29753
29753
29754
29758
29759
29765
29768
29772
29779
29785
29786
29793
29800
29801
29802
29807
29808
29813
29814
29814
29821
29828
29830
29832
29835
29840
29840
29842
29844
29849
29856
29860
29862
29863
29863
29870
29877
29884
29885
29890
29890
29891
29897
29898
29900
29904
29905
29906
29911
29912
29918
29919
29922
29926
29932
29933
29940
29947
29954
29956
29961
29961
29963
29967
29968
29968
29975
29977
29982
29986
29987
29989
29996
30002
30003
30003
30005
30010
30010
30017
30019
30024
30030
30031
30038
30040
30041
30044
30045
30052
30057
30059
30065
30066
30071
30073
30080
30087
30093
30094
30101
30103
30108
30108
30113
30115
30119
30121
30122
30126
30129
30134
30136
30141
30142
30143
30150
30157
30158
30164
30171
30174
30178
30185
30189
30190
30191
30192
30199
30206
30213
30214
30215
30220
30227
30234
30241
30245
30248
30255
30257
30262
30264
30269
30273
30276
30279
30283
30290
30292
30297
30298
30298
30303
30303
30303
30304
30309
30311
30311
30316
30316
30317
30318
30318
30320
30325
30332
30332
30339
30339
30344
30345
30346
30346
30353
30360
30362
30366
30367
30368
30374
30381
30388
30392
30395
30402
30409
30413
30416
30423
30429
30430
30433
30436
30437
30438
30440
30444
30445
30451
30458
30461
30465
30470
30472
30473
30477
30479
30484
30486
30486
30487
30493
30494
30496
30500
30502
30507
30510
30513
30514
30517
30521
30528
30530
30535
30536
30542
30549
30556
30563
30570
30577
30581
30582
30582
30584
30591
30593
30594
30598
30605
30612
30615
30619
30620
30626
30633
30640
30640
30644
30644
30647
30648
30648
30654
30658
30659
30661
30665
30668
30670
30673
30674
30675
30682
30689
30696
30697
30698
30703
30703
30704
30704
30710
30717
30718
30720
30721
30723
30724
30726
30728
30729
30731
30738
30744
30745
30752
30758
30759
30763
30766
30769
30770
30773
30776
30776
30780
30780
30780
30784
30787
30793
30794
30796
30801
30805
30805
30806
30808
30808
30813
30814
30815
30822
30824
30829
30832
30836
30843
30848
30849
30850
30853
30857
30860
30864
30871
30878
30885
30887
30892
30893
30898
30899
30906
30906
30907
30910
30910
30912
30913
30916
30916
30920
30927
30934
30936
30941
30948
30951
30955
30962
30962
30967
30969
30969
30971
30976
30983
30983
30984
30990
30994
30997
31000
31004
31011
31017
31018
31018
31020
31025
31029
31032
31034
31039
31046
31047
31053
31060
31067
31072
31073
31074
31077
31077
31081
31088
31095
31102
31109
31114
31116
31121
31123
31126
31130
31136
31137
31140
31144
31149
31151
31153
31156
31158
31158
31159
31165
31170
31170
31172
31173
31177
31177
31179
31186
31186
31193
31200
31207
31207
31210
31214
31214
31216
31218
31220
31221
31225
31227
31228
31230
31234
31235
31242
31249
31255
31256
31260
31263
31270
31273
31277
31284
31288
31291
31296
31297
31298
31305
31312
31318
31319
31326
31333
31340
31344
31347
31347
31354
31354
31356
31357
31361
31368
31372
31375
31382
31382
31384
31389
31389
31396
31397
31402
31403
31405
31410
31413
31413
31417
31421
31422
31424
31426
31431
31438
31444
31445
31452
31459
31459
31466
31468
31473
31475
31480
31487
31494
31498
31501
31502
31504
31508
31515
31516
31517
31519
31522
31525
31529
31536
31541
31543
31549
31549
31550
31557
31562
31563
31564
31571
31578
31585
31585
31589
31592
31592
31595
31599
31602
31606
31613
31613
31617
31620
31627
31634
31634
31641
31648
31655
31657
31660
31662
31667
31669
31676
31678
31683
31690
31694
31697
31702
31704
31708
31711
31714
31715
31718
31718
31720
31721
31725
31728
31731
31731
31732
31733
31739
31739
31739
31743
31746
31753
31760
31762
31767
31771
31773
31774
31781
31785
31788
31789
31793
31795
31802
31802
31809
31810
31810
31816
31819
31823
31825
31830
31837
31839
31844
31851
31856
31858
31863
31864
31865
31872
31878
31879
31883
31884
31886
31893
31900
31902
31907
31914
31921
31926
31928
31935
31936
31942
31949
31956
31963
31963
31970
31973
31976
31977
31978
31982
31984
31987
31988
31991
31998
31999
32005
32005
32005
32006
32006
32012
32019
32026
32033
32040
32044
32047
32054
32057
32061
32063
32068
32075
32082
32085
32089
32089
32096
32100
32103
32105
32108
32110
32117
32124
32129
32131
32132
32136
32138
32145
32148
32150
32152
32153
32155
32156
32159
32166
32169
32173
32180
32184
32185
32187
32187
32194
32196
32198
32201
32204
32204
32208
32211
32214
32215
32222
32229
32235
32235
32236
32239
32241
32243
32250
32250
32253
32257
32257
32263
32264
32265
32271
32278
32285
32292
32299
32299
32301
32306
32307
32313
32320
32326
32327
32334
32338
32340
32341
32344
32346
32348
32354
32355
32355
32362
32369
32369
32374
32376
32376
32383
32390
32391
32397
32400
32404
32410
32411
32417
32418
32420
32422
32425
32426
32430
32432
32434
32435
32436
32439
32446
32446
32453
32459
32460
32466
32467
32469
32474
32481
32481
32485
32488
32495
32496
32498
32499
32502
32503
32503
32508
32509
32509
32512
32516
32523
32530
32532
32537
32544
32546
32551
32558
32561
32565
32569
32572
32579
32582
32586
32586
32593
32593
32597
32598
32600
32606
32607
32614
32621
32628
32635
32642
32642
32643
32645
32649
32656
32662
32663
32670
32674
32677
32682
32684
32691
32694
32694
32698
32705
32712
32715
32719
32726
32733
32738
32740
32740
32747
32750
32751
32754
32756
32761
32768
32775
32782
32785
32789
32789
32796
32803
32808
32810
32810
32817
32821
32824
32830
32831
32834
32838
32845
32846
32852
32859
32863
32866
32866
32869
32873
32874
32880
32887
32891
32893
32894
32895
32895
32901
32908
32910
32915
32921
32921
32922
32929
32932
32936
32943
32949
32950
32950
32953
32957
32964
32965
32971
32971
32972
32974
32975
32978
32985
32985
32992
32999
33006
33006
33009
33013
33016
33020
33027
33034
33035
33035
33036
33041
33041
33043
33044
33048
33052
33055
33057
33062
33062
33065
33069
33076
33076
33083
33083
33090
33091
33097
33097
33104
33111
33115
33118
33125
33129
33132
33133
33139
33146
33147
33153
33155
33157
33160
33161
33167
33174
33180
33181
33183
33188
33195
33199
33202
33202
33203
33206
33209
33210
33210
33212
33216
33216
33223
33223
33229
33230
33236
33237
33240
33244
33245
33248
33250
33251
33257
33258
33265
33267
33272
33272
33275
33277
33278
33279
33279
33284
33286
33290
33293
33300
33303
33307
33309
33309
33314
33321
33321
33328
33334
33335
33335
33342
33349
33356
33363
33364
33370
33371
33377
33384
33391
33392
33398
33403
33404
33405
33412
33419
33420
33426
33431
33433
33433
33440
33447
33454
33459
33461
33461
33466
33468
33475
33479
33482
33489
33489
33494
33496
33496
33503
33509
33510
33511
33513
33515
33517
33524
33531
33532
33535
33537
33537
33538
33545
33552
33559
33563
33566
33568
33569
33573
33573
33574
33580
33582
33587
33594
33601
33608
33608
33608
33615
33617
33622
33629
33632
33634
33636
33637
33643
33649
33650
33656
33657
33664
33671
33678
33685
33690
33692
33699
33700
33701
33706
33713
33713
33713
33720
33727
33731
33734
33741
33748
33755
33761
33762
33762
33762
33763
33769
33776
33783
33790
33793
33797
33804
33811
33818
33825
33832
33839
33840
33846
33853
33860
33867
33874
33881
33888
33889
33895
33902
33909
33912
33916
33923
33930
33937
33944
33951
33957
33958
33964
33965
33972
33972
33979
33986
33993
33996
34000
34007
34014
34016
34021
34028
34035
34042
34049
34056
34059
34059
34063
34070
34077
34084
34091
34098
34103
34105
34112
34114
34119
34126
34133
34140
34147
34154
34161
34168
34169
34173
34175
34182
34189
34196
34203
34210
34217
34224
34231
34238
34245
34252
34259
34266
34273
34280
34287
34294
34301
34308
34315
34322
34329
34336
34343
34350
34357
34364
34371
34378
34385
34392
34399
34406
34413
34420
34427
34434
34441
34448
34455
34462
34469
34476
34483
34490
34497
34504
34511
34518
34525
34532
34539
34546
34553
34560
34567
34574
34581
34588
34595
34602
34609
34616
34623
34630
34637
34644
34651
34658
34665
34672
34679
34686
34693
34700
34707
34714
34721
34728
34735
34742
34749
34756
34763
34770
34777
34784
34791
34798
34805
34812
34819
34826
34833
34840
34847
34854
34861
34868
34875
34882
34889
34896
34903
34910
34917
34924
34931
34938
34945
34952
34959
34966
34973
34980
34987
34994
35001
35008
35015
35022
35029
35036
35043
35050
35057
35064
35071
35078
35085
35092
35099
35106
35113
35120
35127
35134
35141
35148
35155
35162
35169
35176
35183
35190
35197
35204
35211
35218
35225
35232
35239
35246
35253
35260
35267
35274
35281
35288
35295
35302
35309
35316
35323
35330
35337
35344
35351
35358
35365
35372
35379
35386
35393
35400
35407
35414
35421
35428
35435
35442
35449
35456
35463
35470
35477
35484
35491
35498
35505
35512
35519
35526
35533
35540
35547
35554
35561
35568
35575
35582
35589
35596
35603
35610
35617
35624
35631
35638
35645
35652
35659
35666
35673
35680
35687
35694
35701
35708
35715
35722
35729
35736
35743
35750
35757
35764
35771
35778
35785
35792
35799
35806
35813
35820
35827
35834
35841
35848
35855
35862
35869
35876
35883
35890
35897
35904
35911
35918
35925
35932
35939
35946
35953
35960
35967
35974
35981
35988
35995
36002
36009
36016
36023
36030
36037
36044
36051
36058
36065
36072
36079
36086
36093
36100
36107
36114
36121
36128
36135
36142
36149
36156
36163
36170
36177
36184
36191
36198
36205
36212
36219
36226
36233
36240
36247
36254
36261
36268
36275
36282
36289
36296
36303
36310
36317
36324
36331
36338
36345
36352
36359
36366
36373
36380
36387
36394
36401
36408
36415
36422
36429
36436
36443
36450
36457
36464
36471
36478
36485
36492
36499
36506
36513
36520
36527
36534
36541
36548
36555
36562
36569
36576
36583
36590
36597
36604
36611
36618
36625
36632
36639
36646
36653
36660
36667
36674
36681
36688
36695
36702
36709
36716
36723
36730
36737
36744
36751
36758
36765
36772
36779
36786
36793
36800
36807
36814
36821
36828
36835
36842
36849
36856
36863
36870
36877
36884
36891
36898
36905
36912
36919
36926
36933
36940
36947
36954
36961
36968
36975
36982
36989
36996
37003
37010
37017
37024
37031
37038
37045
37052
37059
37066
37073
37080
37087
37094
37101
37108
37115
37122
37129
37136
37143
37150
37157
37164
37171
37178
37185
37192
37199
37206
37213
37220
37227
37234
37241
37248
37255
37262
37269
37276
37283
37290
37297
37304
37311
37318
37325
37332
37339
37346
37353
37360
37367
37374
37381
37388
37395
37402
37409
37416
37423
37430
37437
37444
37451
37458
37465
37472
37479
37486
37493
37500
37507
37514
37521
37528
37535
37542
37549
37556
37563
37570
37577
37584
37591
37598
37605
37612
37619
37626
37633
37640
37647
37654
37661
37668
37675
37682
37689
37696
37703
37710
37717
37724
37731
37738
37745
37752
37759
37766
37773
37780
37787
37794
37801
37808
37815
37822
37829
37836
37843
37850
37857
37864
37871
37878
37885
37892
37899
37906
37913
37920
37927
37934
37941
37948
37955
37962
37969
37976
37983
37990
37997
38004
38011
38018
38025
38032
38039
38046
38053
38060
38067
38074
38081
38088
38095
38102
38109
38116
38123
38130
38137
38144
38151
38158
38165
38172
38179
38186
38193
38200
38207
38214
38221
38228
38235
38242
38249
38256
38263
38270
38277
38284
38291
38298
38305
38312
38319
38326
38333
38340
38347
38354
38361
38368
38375
38382
38389
38396
38403
38410
38417
38424
38431
38438
38445
38452
38459
38466
38473
38480
38487
38494
38501
38508
38515
38522
38529
38536
38543
38550
38557
38564
38571
38578
38585
38592
38599
38606
38613
38620
38627
38634
38641
38648
38655
38662
38669
38676
38683
38690
38697
38704
38711
38718
38725
38732
38739
38746
38753
38760
38767
38774
38781
38788
38795
38802
38809
38816
38823
38830
38837
38844
38851
38858
38865
38872
38879
38886
38893
38900
38907
38914
38921
38928
38935
38942
38949
38956
38963
38970
38977
38984
38991
38998
39005
39012
39019
39026
39033
39040
39047
39054
39061
39068
39075
39082
39089
39096
39103
39110
39117
39124
39131
39138
39145
39152
39159
39166
39173
39180
39187
39194
39201
39208
39215
39222
39229
39236
39243
39250
39257
39264
39271
39278
39285
39292
39299
39306
39313
39320
39327
39334
39341
39348
39355
39362
39369
39376
39383
39390
39397
39404
39411
39418
39425
39432
39439
39446
39453
39460
39467
39474
39481
39488
39495
39502
39509
39516
39523
39530
39537
39544
39551
39558
39565
39572
39579
39586
39593
39600
39607
39614
39621
39628
39635
39642
39649
39656
39663
39670
39677
39684
39691
39698
39705
39712
39719
39726
39733
39740
39747
39754
39761
39768
39775
39782
39789
39796
39803
39810
39817
39824
39831
39838
39845
39852
39859
39866
39873
39880
39887
39894
39901
39908
39915
39922
39929
39936
39943
39950
39957
39964
39971
39978
39985
39992
39999
40006
40013
40020
40027
40034
40041
40048
40055
40062
40069
40076
40083
40090
40097
40104
40111
40118
40125
40132
40139
40146
40153
40160
40167
40174
40181
40188
40195
40202
40209
40216
40223
40230
40237
40244
40251
40258
40265
40272
40279
40286
40293
40300
40307
40314
40321
40328
40335
40342
40349
40356
40363
40370
40377
40384
40391
40398
40405
40412
40419
40426
40433
40440
40447
40454
40461
40468
40475
40482
40489
40496
40503
40510
40517
40524
40531
40538
40545
40552
40559
40566
40573
40580
40587
40594
40601
40608
40615
40622
40629
40636
40643
40650
40657
40664
40671
40678
40685
40692
40699
40706
40713
40720
40727
40734
40741
40748
40755
40762
40769
40776
40783
40790
40797
40804
40811
40818
40825
40832
40839
40846
40853
40860
40867
40874
40881
40888
40895
40902
40909
40916
40923
40930
40937
40944
40951
40958
40965
40972
40979
40986
40993
41000
41007
41014
41021
41028
41035
41042
41049
41056
41063
41070
41077
41084
41091
41098
41105
41112
41119
41126
41133
41140
41147
41154
41161
41168
41175
41182
41189
41196
41203
41210
41217
41224
41231
41238
41245
41252
41259
41266
41273
41280
41287
41294
41301
41308
41315
41322
41329
41336
41343
41350
41357
41364
41371
41378
41385
41392
41399
41406
41413
41420
41427
41434
41441
41448
41455
41462
41469
41476
41483
41490
41497
41504
41511
41518
41525
41532
41539
41546
41553
41560
41567
41574
41581
41588
41595
41602
41609
41616
41623
41630
41637
41644
41651
41658
41665
41672
41679
41686
41693
41700
41707
41714
41721
41728
41735
41742
41749
41756
41763
41770
41777
41784
41791
41798
41805
41812
41819
41826
41833
41840
41847
41854
41861
41868
41875
41882
41889
41896
41903
41910
41917
41924
41931
41938
41945
41952
41959
41966
41973
41980
41987
41994
42001
42008
42015
42022
42029
42036
42043
42050
42057
42064
42071
42078
42085
42092
42099
42106
42113
42120
42127
42134
42141
42148
42155
42162
42169
42176
42183
42190
42197
42204
42211
42218
42225
42232
42239
42246
42253
42260
42267
42274
42281
42288
42295
42302
42309
42316
42323
42330
42337
42344
42351
42358
42365
42372
42379
42386
42393
42400
42407
42414
42421
42428
42435
42442
42449
42456
42463
42470
42477
42484
42491
42498
42505
42512
42519
42526
42533
42540
42547
42554
42561
42568
42575
42582
42589
42596
42603
42610
42617
42624
42631
42638
42645
42652
42659
42666
42673
42680
42687
42694
42701
42708
42715
42722
42729
42736
42743
42750
42757
42764
42771
42778
42785
42792
42799
42806
42813
42820
42827
42834
42841
42848
42855
42862
42869
42876
42883
42890
42897
42904
42911
42918
42925
42932
42939
42946
42953
42960
42967
42974
42981
42988
42995
43002
43009
43016
43023
43030
43037
43044
43051
43058
43065
43072
43079
43086
43093
43100
43107
43114
43121
43128
43135
43142
43149
43156
43163
43170
43177
43184
43191
43198
43205
43212
43219
43226
43233
43240
43247
43254
43261
43268
43275
43282
43289
43296
43303
43310
43317
43324
43331
43338
43345
43352
43359
43366
43373
43380
43387
43394
43401
43408
43415
43422
43429
43436
43443
43450
43457
43464
43471
43478
43485
43492
43499
43506
43513
43520
43527
43534
43541
43548
43555
43562
43569
43576
43583
43590
43597
43604
43611
43618
43625
43632
43639
43646
43653
43660
43667
43674
43681
43688
43695
43702
43709
43716
43723
43730
43737
43744
43751
43758
43765
43772
43779
43786
43793
43800
43807
43814
43821
43828
43835
43842
43849
43856
43863
43870
43877
43884
43891
43898
43905
43912
43919
43926
43933
43940
43947
43954
43961
43968
43975
43982
43989
43996
44003
44010
44017
44024
44031
44038
44045
44052
44059
44066
44073
44080
44087
44094
44101
44108
44115
44122
44129
44136
44143
44150
44157
44164
44171
44178
44185
44192
44199
44206
44213
44220
44227
44234
44241
44248
44255
44262
44269
44276
44283
44290
44297
44304
44311
44318
44325
44332
44339
44346
44353
44360
44367
44374
44381
44388
44395
44402
44409
44416
44423
44430
44437
44444
44451
44458
44465
44472
44479
44486
44493
44500
44507
44514
44521
44528
44535
44542
44549
44556
44563
44570
44577
44584
44591
44598
44605
44612
44619
44626
44633
44640
44647
44654
44661
44668
44675
44682
44689
44696
44703
44710
44717
44724
44731
44738
44745
44752
44759
44766
44773
44780
44787
44794
44801
44808
44815
44822
44829
44836
44843
44850
44857
44864
44871
44878
44885
44892
44899
44906
44913
44920
44927
44934
44941
44948
44955
44962
44969
44976
44983
44990
44997
45004
45011
45018
45025
45032
45039
45046
45053
45060
45067
45074
45081
45088
45095
45102
45109
45116
45123
45130
45137
45144
45151
45158
45165
45172
45179
45186
45193
45200
45207
45214
45221
45228
45235
45242
45249
45256
45263
45270
45277
45284
45291
45298
45305
45312
45319
45326
45333
45340
45347
45354
45361
45368
45375
45382
45389
45396
45403
45410
45417
45424
45431
45438
45445
45452
45459
45466
45473
45480
45487
45494
45501
45508
45515
45522
45529
45536
45543
45550
45557
45564
45571
45578
45585
45592
45599
45606
45613
45620
45627
45634
45641
45648
45655
45662
45669
45676
45683
45690
45697
45704
45711
45718
45725
45732
45739
45746
45753
45760
45767
45774
45781
45788
45795
45802
45809
45816
45823
45830
45837
45844
45851
45858
45865
45872
45879
45886
45893
45900
45907
45914
45921
45928
45935
45942
45949
45956
45963
45970
45977
45984
45991
45998
46005
46012
46019
46026
46033
46040
46047
46054
46061
46068
46075
46082
46089
46096
46103
46110
46117
46124
46131
46138
46145
46152
46159
46166
46173
46180
46187
46194
46201
46208
46215
46222
46229
46236
46243
46250
46257
46264
46271
46278
46285
46292
46299
46306
46313
46320
46327
46334
46341
46348
46355
46362
46369
46376
46383
46390
46397
46404
46411
46418
46425
46432
46439
46446
46453
46460
46467
46474
46481
46488
46495
46502
46509
46516
46523
46530
46537
46544
46551
46558
46565
46572
46579
46586
46593
46600
46607
46614
46621
46628
46635
46642
46649
46656
46663
46670
46677
46684
46691
46698
46705
46712
46719
46726
46733
46740
46747
46754
46761
46768
46775
46782
46789
46796
46803
46810
46817
46824
46831
46838
46845
46852
46859
46866
46873
46880
46887
46894
46901
46908
46915
46922
46929
46936
46943
46950
46957
46964
46971
46978
46985
46992
46999
47006
47013
47020
47027
47034
47041
47048
47055
47062
47069
47076
47083
47090
47097
47104
47111
47118
47125
47132
47139
47146
47153
47160
47167
47174
47181
47188
47195
47202
47209
47216
47223
47230
47237
47244
47251
47258
47265
47272
47279
47286
47293
47300
47307
47314
47321
47328
47335
47342
47349
47356
47363
47370
47377
47384
47391
47398
47405
47412
47419
47426
47433
47440
47447
47454
47461
47468
47475
47482
47489
47496
47503
47510
47517
47524
47531
47538
47545
47552
47559
47566
47573
47580
47587
47594
47601
47608
47615
47622
47629
47636
47643
47650
47657
47664
47671
47678
47685
47692
47699
47706
47713
47720
47727
47734
47741
47748
47755
47762
47769
47776
47783
47790
47797
47804
47811
47818
47825
47832
47839
47846
47853
47860
47867
47874
47881
47888
47895
47902
47909
47916
47923
47930
47937
47944
47951
47958
47965
47972
47979
47986
47993
48000
48007
48014
48021
48028
48035
48042
48049
48056
48063
48070
48077
48084
48091
48098
48105
48112
48119
48126
48133
48140
48147
48154
48161
48168
48175
48182
48189
48196
48203
48210
48217
48224
48231
48238
48245
48252
48259
48266
48273
48280
48287
48294
48301
48308
48315
48322
48329
48336
48343
48350
48357
48364
48371
48378
48385
48392
48399
48406
48413
48420
48427
48434
48441
48448
48455
48462
48469
48476
48483
48490
48497
48504
48511
48518
48525
48532
48539
48546
48553
48560
48567
48574
48581
48588
48595
48602
48609
48616
48623
48630
48637
48644
48651
48658
48665
48672
48679
48686
48693
48700
48707
48714
48721
48728
48735
48742
48749
48756
48763
48770
48777
48784
48791
48798
48805
48812
48819
48826
48833
48840
48847
48854
48861
48868
48875
48882
48889
48896
48903
48910
48917
48924
48931
48938
48945
48952
48959
48966
48973
48980
48987
48994
49001
49008
49015
49022
49029
49036
49043
49050
49057
49064
49071
49078
49085
49092
49099
49106
49113
49120
49127
49134
49141
49148
49155
49162
49169
49176
49183
49190
49197
49204
49211
49218
49225
49232
49239
49246
49253
49260
49267
49274
49281
49288
49295
49302
49309
49316
49323
49330
49337
49344
49351
49358
49365
49372
49379
49386
49393
49400
49407
49414
49421
49428
49435
49442
49449
49456
49463
49470
49477
49484
49491
49498
49505
49512
49519
49526
49533
49540
49547
49554
49561
49568
49575
49582
49589
49596
49603
49610
49617
49624
49631
49638
49645
49652
49659
49666
49673
49680
49687
49694
49701
49708
49715
49722
49729
49736
49743
49750
49757
49764
49771
49778
49785
49792
49799
49806
49813
49820
49827
49834
49841
49848
49855
49862
49869
49876
49883
49890
49897
49904
49911
49918
49925
49932
49939
49946
49953
49960
49967
49974
49981
49988
49995
50002
50009
50016
50023
50030
50037
50044
50051
50058
50065
50072
50079
50086
50093
50100
50107
50114
50121
50128
50135
50142
50149
50156
50163
50170
50177
50184
50191
50198
50205
50212
50219
50226
50233
50240
50247
50254
50261
50268
50275
50282
50289
50296
50303
50310
50317
50324
50331
50338
50345
50352
50359
50366
50373
50380
50387
50394
50401
50408
50415
50422
50429
50436
50443
50450
50457
50464
50471
50478
50485
50492
50499
50506
50513
50520
50527
50534
50541
50548
50555
50562
50569
50576
50583
50590
50597
50604
50611
50618
50625
50632
50639
50646
50653
50660
50667
50674
50681
50688
50695
50702
50709
50716
50723
50730
50737
50744
50751
50758
50765
50772
50779
50786
50793
50800
50807
50814
50821
50828
50835
50842
50849
50856
50863
50870
50877
50884
50891
50898
50905
50912
50919
50926
50933
50940
50947
50954
50961
50968
50975
50982
50989
50996
51003
51010
51017
51024
51031
51038
51045
51052
51059
51066
51073
51080
51087
51094
51101
51108
51115
51122
51129
51136
51143
51150
51157
51164
51171
51178
51185
51192
51199
51206
51213
51220
51227
51234
51241
51248
51255
51262
51269
51276
51283
51290
51297
51304
51311
51318
51325
51332
51339
51346
51353
51360
51367
51374
51381
51388
51395
51402
51409
51416
51423
51430
51437
51444
51451
51458
51465
51472
51479
51486
51493
51500
51507
51514
51521
51528
51535
51542
51549
51556
51563
51570
51577
51584
51591
51598
51605
51612
51619
51626
51633
51640
51647
51654
51661
51668
51675
51682
51689
51696
51703
51710
51717
51724
51731
51738
51745
51752
51759
51766
51773
51780
51787
51794
51801
51808
51815
51822
51829
51836
51843
51850
51857
51864
51871
51878
51885
51892
51899
51906
51913
51920
51927
51934
51941
51948
51955
51962
51969
51976
51983
51990
51997
52004
52011
52018
52025
52032
52039
52046
52053
52060
52067
52074
52081
52088
52095
52102
52109
52116
52123
52130
52137
52144
52151
52158
52165
52172
52179
52186
52193
52200
52207
52214
52221
52228
52235
52242
52249
52256
52263
52270
52277
52284
52291
52298
52305
52312
52319
52326
52333
52340
52347
52354
52361
52368
52375
52382
52389
52396
52403
52410
52417
52424
52431
52438
52445
52452
52459
52466
52473
52480
52487
52494
52501
52508
52515
52522
52529
52536
52543
52550
52557
52564
52571
52578
52585
52592
52599
52606
52613
52620
52627
52634
52641
52648
52655
52662
52669
52676
52683
52690
52697
52704
52711
52718
52725
52732
52739
52746
52753
52760
52767
52774
52781
52788
52795
52802
52809
52816
52823
52830
52837
52844
52851
52858
52865
52872
52879
52886
52893
52900
52907
52914
52921
52928
52935
52942
52949
52956
52963
52970
52977
52984
52991
52998
53005
53012
53019
53026
53033
53040
53047
53054
53061
53068
53075
53082
53089
53096
53103
53110
53117
53124
53131
53138
53145
53152
53159
53166
53173
53180
53187
53194
53201
53208
53215
53222
53229
53236
53243
53250
53257
53264
53271
53278
53285
53292
53299
53306
53313
53320
53327
53334
53341
53348
53355
53362
53369
53376
53383
53390
53397
53404
53411
53418
53425
53432
53439
53446
53453
53460
53467
53474
53481
53488
53495
53502
53509
53516
53523
53530
53537
53544
53551
53558
53565
53572
53579
53586
53593
53600
53607
53614
53621
53628
53635
53642
53649
53656
53663
53670
53677
53684
53691
53698
53705
53712
53719
53726
53733
53740
53747
53754
53761
53768
53775
53782
53789
53796
53803
53810
53817
53824
53831
53838
53845
53852
53859
53866
53873
53880
53887
53894
53901
53908
53915
53922
53929
53936
53943
53950
53957
53964
53971
53978
53985
53992
53999
54006
54013
54020
54027
54034
54041
54048
54055
54062
54069
54076
54083
54090
54097
54104
54111
54118
54125
54132
54139
54146
54153
54160
54167
54174
54181
54188
54195
54202
54209
54216
54223
54230
54237
54244
54251
54258
54265
54272
54279
54286
54293
54300
54307
54314
54321
54328
54335
54342
54349
54356
54363
54370
54377
54384
54391
54398
54405
54412
54419
54426
54433
54440
54447
54454
54461
54468
54475
54482
54489
54496
54503
54510
54517
54524
54531
54538
54545
54552
54559
54566
54573
54580
54587
54594
54601
54608
54615
54622
54629
54636
54643
54650
54657
54664
54671
54678
54685
54692
54699
54706
54713
54720
54727
54734
54741
54748
54755
54762
54769
54776
54783
54790
54797
54804
54811
54818
54825
54832
54839
54846
54853
54860
54867
54874
54881
54888
54895
54902
54909
54916
54923
54930
54937
54944
54951
54958
54965
54972
54979
54986
54993
55000
55007
55014
55021
55028
55035
55042
55049
55056
55063
55070
55077
55084
55091
55098
55105
55112
55119
55126
55133
55140
55147
55154
55161
55168
55175
55182
55189
55196
55203
55210
55217
55224
55231
55238
55245
55252
55259
55266
55273
55280
55287
55294
55301
55308
55315
55322
55329
55336
55343
55350
55357
55364
55371
55378
55385
55392
55399
55406
55413
55420
55427
55434
55441
55448
55455
55462
55469
55476
55483
55490
55497
55504
55511
55518
55525
55532
55539
55546
55553
55560
55567
55574
55581
55588
55595
55602
55609
55616
55623
55630
55637
55644
55651
55658
55665
55672
55679
55686
55693
55700
55707
55714
55721
55728
55735
55742
55749
55756
55763
55770
55777
55784
55791
55798
55805
55812
55819
55826
55833
55840
55847
55854
55861
55868
55875
55882
55889
55896
55903
55910
55917
55924
55931
55938
55945
55952
55959
55966
55973
55980
55987
55994
56001
56008
56015
56022
56029
56036
56043
56050
56057
56064
56071
56078
56085
56092
56099
56106
56113
56120
56127
56134
56141
56148
56155
56162
56169
56176
56183
56190
56197
56204
56211
56218
56225
56232
56239
56246
56253
56260
56267
56274
56281
56288
56295
56302
56309
56316
56323
56330
56337
56344
56351
56358
56365
56372
56379
56386
56393
56400
56407
56414
56421
56428
56435
56442
56449
56456
56463
56470
56477
56484
56491
56498
56505
56512
56519
56526
56533
56540
56547
56554
56561
56568
56575
56582
56589
56596
56603
56610
56617
56624
56631
56638
56645
56652
56659
56666
56673
56680
56687
56694
56701
56708
56715
56722
56729
56736
56743
56750
56757
56764
56771
56778
56785
56792
56799
56806
56813
56820
56827
56834
56841
56848
56855
56862
56869
56876
56883
56890
56897
56904
56911
56918
56925
56932
56939
56946
56953
56960
56967
56974
56981
56988
56995
57002
57009
57016
57023
57030
57037
57044
57051
57058
57065
57072
57079
57086
57093
57100
57107
57114
57121
57128
57135
57142
57149
57156
57163
57170
57177
57184
57191
57198
57205
57212
57219
57226
57233
57240
57247
57254
57261
57268
57275
57282
57289
57296
57303
57310
57317
57324
57331
57338
57345
57352
57359
57366
57373
57380
57387
57394
57401
57408
57415
57422
57429
57436
57443
57450
57457
57464
57471
57478
57485
57492
57499
57506
57513
57520
57527
57534
57541
57548
57555
57562
57569
57576
57583
57590
57597
57604
57611
57618
57625
57632
57639
57646
57653
57660
57667
57674
57681
57688
57695
57702
57709
57716
57723
57730
57737
57744
57751
57758
57765
57772
57779
57786
57793
57800
57807
57814
57821
57828
57835
57842
57849
57856
57863
57870
57877
57884
57891
57898
57905
57912
57919
57926
57933
57940
57947
57954
57961
57968
57975
57982
57989
57996
58003
58010
58017
58024
58031
58038
58045
58052
58059
58066
58073
58080
58087
58094
58101
58108
58115
58122
58129
58136
58143
58150
58157
58164
58171
58178
58185
58192
58199
58206
58213
58220
58227
58234
58241
58248
58255
58262
58269
58276
58283
58290
58297
58304
58311
58318
58325
58332
58339
58346
58353
58360
58367
58374
58381
58388
58395
58402
58409
58416
58423
58430
58437
58444
58451
58458
58465
58472
58479
58486
58493
58500
58507
58514
58521
58528
58535
58542
58549
58556
58563
58570
58577
58584
58591
58598
58605
58612
58619
58626
58633
58640
58647
58654
58661
58668
58675
58682
58689
58696
58703
58710
58717
58724
58731
58738
58745
58752
58759
58766
58773
58780
58787
58794
58801
58808
58815
58822
58829
58836
58843
58850
58857
58864
58871
58878
58885
58892
58899
58906
58913
58920
58927
58934
58941
58948
58955
58962
58969
58976
58983
58990
58997
59004
59011
59018
59025
59032
59039
59046
59053
59060
59067
59074
59081
59088
59095
59102
59109
59116
59123
59130
59137
59144
59151
59158
59165
59172
59179
59186
59193
59200
59207
59214
59221
59228
59235
59242
59249
59256
59263
59270
59277
59284
59291
59298
59305
59312
59319
59326
59333
59340
59347
59354
59361
59368
59375
59382
59389
59396
59403
59410
59417
59424
59431
59438
59445
59452
59459
59466
59473
59480
59487
59494
59501
59508
59515
59522
59529
59536
59543
59550
59557
59564
59571
59578
59585
59592
59599
59606
59613
59620
59627
59634
59641
59648
59655
59662
59669
59676
59683
59690
59697
59704
59711
59718
59725
59732
59739
59746
59753
59760
59767
59774
59781
59788
59795
59802
59809
59816
59823
59830
59837
59844
59851
59858
59865
59872
59879
59886
59893
59900
59907
59914
59921
59928
59935
59942
59949
59956
59963
59970
59977
59984
59991
59998
60005
60012
60019
60026
60033
60040
60047
60054
60061
60068
60075
60082
60089
60096
60103
60110
60117
60124
60131
60138
60145
60152
60159
60166
60173
60180
60187
60194
60201
60208
60215
60222
60229
60236
60243
60250
60257
60264
60271
60278
60285
60292
60299
60306
60313
60320
60327
60334
60341
60348
60355
60362
60369
60376
60383
60390
60397
60404
60411
60418
60425
60432
60439
60446
60453
60460
60467
60474
60481
60488
60495
60502
60509
60516
60523
60530
60537
60544
60551
60558
60565
60572
60579
60586
60593
60600
60607
60614
60621
60628
60635
60642
60649
60656
60663
60670
60677
60684
60691
60698
60705
60712
60719
60726
60733
60740
60747
60754
60761
60768
60775
60782
60789
60796
60803
60810
60817
60824
60831
60838
60845
60852
60859
60866
60873
60880
60887
60894
60901
60908
60915
60922
60929
60936
60943
60950
60957
60964
60971
60978
60985
60992
60999
61006
61013
61020
61027
61034
61041
61048
61055
61062
61069
61076
61083
61090
61097
61104
61111
61118
61125
61132
61139
61146
61153
61160
61167
61174
61181
61188
61195
61202
61209
61216
61223
61230
61237
61244
61251
61258
61265
61272
61279
61286
61293
61300
61307
61314
61321
61328
61335
61342
61349
61356
61363
61370
61377
61384
61391
61398
61405
61412
61419
