12426
12677
13055
12433
12863
12440
13063
12447
12454
12461
12468
12475
12910
12482
12489
12496
12503
13489
12750
12510
13133
12889
13250
12517
12664
12582
13365
12524
13471
13199
12856
13471
13232
12617
12769
12531
13223
12813
12538
12545
13518
12552
13082
13428
12559
12566
12573
12580
12587
13325
13311
12594
12797
12601
13164
12608
12668
13060
12615
12856
13510
12622
13628
12961
12629
12636
12643
12650
13427
13102
13654
12699
12671
12657
13320
13001
12664
12671
13535
12678
12685
12692
12699
13321
12706
12713
13492
12720
12727
13207
12727
12734
12741
12748
12827
13733
12755
13590
13326
13588
12762
12769
13375
13678
13492
12776
12783
13174
12790
13538
12797
13372
12804
12811
13760
13421
13179
12818
12825
12832
13006
12855
13718
12839
12846
12853
12929
12860
13578
13859
12867
13718
13850
13031
12874
13527
13713
12881
13574
13163
12888
13800
13520
12895
12902
13655
12909
13566
12916
13835
13117
13861
12923
12930
12937
13454
12944
12951
13549
13641
12958
12965
13162
13339
13572
13591
12972
13205
13240
13607
12979
12986
13377
12993
13000
13275
13753
13007
13014
13375
13122
13403
13021
13028
13062
13821
13328
13035
13697
13042
13049
13300
13056
13063
13070
13077
13157
13182
13084
13696
13091
13098
13281
13105
13321
13737
13112
13592
14028
13119
13126
13802
13801
13736
13133
13140
13147
13154
13161
14117
13168
13175
13754
13570
13234
13963
13182
13276
13189
13196
13618
13380
13203
13249
14040
13942
13210
13356
13373
13331
13217
13647
13971
13224
13231
13238
13264
13877
13245
13447
14091
13710
13252
13259
14012
13939
13266
13574
13402
13273
13280
13796
14220
13287
13323
13294
13301
13677
13308
13315
14089
13322
13329
13336
13489
14146
14324
13343
13373
13350
14095
13635
13357
13830
14141
13364
13371
13906
14293
13913
13785
13780
13378
13385
13392
13399
13406
13413
13462
13522
13420
13427
13434
13717
13441
14354
14200
13448
13455
13927
13462
13469
13694
13721
13661
14397
13476
13483
13490
13497
13504
13511
13518
13525
13532
14096
13539
13660
13546
13901
13991
13553
13560
14328
13567
13574
13581
13588
13595
13602
13609
13616
13623
13630
14562
13892
13637
13644
14510
13651
13945
13658
13997
14386
13948
14643
13665
14656
13672
13791
13881
14243
13679
13686
13693
14158
13700
13805
14595
14015
13707
14712
13714
14433
13799
14315
13953
14510
14640
13928
14080
14547
13721
14638
14613
13728
14597
14630
13735
14477
14308
13839
13742
13749
13756
14005
13763
13966
14549
13770
14465
14253
13777
13784
13791
13798
13805
14370
14730
13812
13819
14570
13826
13833
13840
14122
13847
14632
14390
14256
14191
13854
13861
13868
13875
13882
13889
14483
13896
14637
13969
13903
14716
14342
14344
14609
13910
13917
13924
13931
13938
13945
13952
13959
14425
14612
14402
13966
13973
13980
14540
14000
14293
14154
14038
13987
13994
14001
14008
14634
14015
14555
14022
14029
14922
14766
14036
14994
14043
14050
14702
14068
14509
14170
14057
14886
14645
14064
14666
14617
14071
14078
14085
14092
14706
14099
14106
14943
14113
14379
14120
14127
14264
15073
14134
14141
15010
14224
14647
14450
14813
14551
14289
14148
14810
14155
14162
14169
14569
14888
14804
14176
14183
14190
14552
14528
14273
14425
14226
14197
14607
14204
14211
15093
14288
14218
14531
14225
14232
14239
14246
14985
14791
14338
14615
14253
14608
15141
14260
15208
14267
14274
15018
15024
14281
14646
15193
15031
14288
15120
14539
14924
14516
14295
14302
15203
14459
14309
14772
14535
15093
14779
14316
14909
14348
14323
14330
14768
14811
14340
14843
14617
14337
14609
14344
14351
14358
14365
14372
14379
14386
14393
14400
14407
14414
14421
14428
14435
14442
14449
14456
14463
14470
14477
14484
14491
14498
14505
14512
14519
14526
14533
14540
14547
14554
14561
14568
14575
14582
14589
14596
14603
14610
14617
14624
14631
14638
14645
14652
14659
14666
14673
14680
14687
14694
14701
14708
14715
14722
14729
14736
14743
14750
14757
14764
14771
14778
14785
14792
14799
14806
14813
14820
14827
14834
14841
14848
14855
14862
14869
14876
14883
14890
14897
14904
14911
14918
14925
14932
14939
14946
14953
14960
14967
14974
14981
14988
14995
15002
15009
15016
15023
15030
15037
15044
15051
15058
15065
15072
15079
15086
15093
15100
15107
15114
15121
15128
15135
15142
15149
15156
15163
15170
15177
15184
15191
15198
15205
15212
15219
15226
15233
15240
15247
15254
15261
15268
15275
15282
15289
15296
15303
15310
15317
15324
15331
15338
15345
15352
15359
15366
15373
15380
15387
15394
15401
15408
15415
15422
15429
15436
15443
15450
15457
15464
15471
15478
15485
15492
15499
15506
15513
15520
15527
15534
15541
15548
15555
15562
15569
15576
15583
15590
15597
15604
15611
15618
15625
15632
15639
15646
15653
15660
15667
15674
15681
15688
15695
15702
15709
15716
15723
15730
15737
15744
15751
15758
15765
15772
15779
15786
15793
15800
15807
15814
15821
15828
15835
15842
15849
15856
15863
15870
15877
15884
15891
15898
15905
15912
15919
15926
15933
15940
15947
15954
15961
15968
15975
15982
15989
15996
16003
16010
16017
16024
16031
16038
16045
16052
16059
16066
16073
16080
16087
16094
16101
16108
16115
16122
16129
16136
16143
16150
16157
16164
16171
16178
16185
16192
16199
16206
16213
16220
16227
16234
16241
16248
16255
16262
16269
16276
16283
16290
16297
16304
16311
16318
16325
16332
16339
16346
16353
16360
16367
16374
16381
16388
16395
16402
16409
16416
16423
16430
16437
16444
16451
16458
16465
16472
16479
16486
16493
16500
16507
16514
16521
16528
16535
16542
16549
16556
16563
16570
16577
16584
16591
16598
16605
16612
16619
16626
16633
16640
16647
16654
16661
16668
16675
16682
16689
16696
16703
16710
16717
16724
16731
16738
16745
16752
16759
16766
16773
16780
16787
16794
16801
16808
16815
16822
16829
16836
16843
16850
16857
16864
16871
16878
16885
16892
16899
16906
16913
16920
16927
16934
16941
16948
16955
16962
16969
16976
16983
16990
16997
17004
17011
17018
17025
17032
17039
17046
17053
17060
17067
17074
17081
17088
17095
17102
17109
17116
17123
17130
17137
17144
17151
17158
17165
17172
17179
17186
17193
17200
17207
17214
17221
17228
17235
17242
17249
17256
17263
17270
17277
17284
17291
17298
17305
17312
17319
