1652
1678
1704
1730
1756
1782
1808
1834
1860
1886
1912
1938
1964
1990
2016
2042
2068
2094
2120
2146
2172
2198
2224
2250
2276
2302
2328
2354
2380
2406
2432
2458
2484
2510
2536
2562
2588
2614
2640
2666
2692
2718
2744
2770
2796
2822
2848
2874
2900
2926
2952
2978
3004
3030
3056
3082
3108
3134
3160
3186
3212
3238
3264
3290
3316
3342
3368
3394
3420
3446
3472
3498
3524
3550
3576
3602
3628
3654
3680
3706
3732
3758
3784
3810
3836
3862
3888
3914
3940
3966
3992
4018
4044
4070
4096
4122
4148
4174
4200
4226
4252
4278
4304
4330
4356
4382
4408
4434
4460
4486
4512
4538
4564
4590
4616
4642
4668
4694
4720
4746
4772
4798
4824
4850
4876
4902
4928
4954
4980
5006
5032
5058
5084
5110
5136
5162
5188
5214
5240
5266
5292
5318
5344
5370
5396
5422
5448
5474
5500
5526
5552
5578
5604
5630
5656
5682
5708
5734
5760
5786
5812
5838
5864
5890
5916
5942
5968
5994
6020
6046
6072
6098
6124
6150
6176
6202
6228
6254
6280
6306
6332
6358
6384
6410
6436
6462
6488
6514
6540
6566
6592
6618
6644
6670
6696
6722
6748
6774
6800
6826
6852
6878
6904
6930
6956
6982
7008
7034
7060
7086
7112
7138
7164
7190
7216
7242
7268
7294
7320
7346
7372
7398
7424
7450
7476
7502
7528
7554
7580
7606
7632
7658
7684
7710
7736
7762
7788
7814
7840
7866
7892
7918
7944
7970
7996
8022
8048
8074
8100
8126
8152
8178
8204
8230
8256
8282
8308
8334
8360
8386
8412
8438
8464
8490
8516
8542
8568
8594
8620
8646
8672
8698
8724
8750
8776
8802
8828
8854
8880
8906
8932
8958
8984
9010
9036
9062
9088
9114
9140
9166
9192
9218
9244
9270
9296
9322
9348
9374
9400
9426
9452
9478
9504
9530
9556
9582
9608
9634
9660
9686
9712
9738
9764
9790
9816
9842
9868
9894
9920
9946
9972
9998
10024
10050
10076
10102
10128
10154
10180
10206
10232
10258
10284
10310
10336
10362
10388
10414
10440
10466
10492
10518
10544
10570
10596
10622
10648
10674
10700
10726
10752
10778
10804
10830
10856
10882
10908
10934
10960
10986
11012
11038
11064
11090
11116
11142
11168
11194
11220
11246
11272
11298
11324
11350
11376
11402
11428
11454
11480
11506
11532
11558
11584
11610
11636
11662
11688
11714
11740
11766
11792
11818
11844
11870
11896
11922
11948
11974
12000
12026
12052
12078
12104
12130
12156
12182
12208
12234
12260
12286
12312
12338
12364
12390
12416
12442
12468
12494
12520
12546
12572
12598
12624
12650
12676
12702
12728
12754
12780
12806
12832
12858
12884
12910
12936
12962
12988
13014
13040
13066
13092
13118
13144
13170
13196
13222
13248
13274
13300
13326
13352
13378
13404
13430
13456
13482
13508
13534
13560
13586
13612
13638
13664
13690
13716
13742
13768
13794
13820
13846
13872
13898
13924
13950
13976
14002
14028
14054
14080
14106
14132
14158
14184
14210
14236
14262
14288
14314
14340
14366
14392
14418
14444
14470
14496
14522
14548
14574
14600
14626
14652
14678
14704
14730
14756
14782
14808
14834
14860
14886
14912
14938
14964
14990
15016
15042
15068
15094
15120
15146
15172
15198
15224
15250
15276
15302
15328
15354
15380
15406
15432
15458
15484
15510
15536
15562
15588
15614
15640
15666
15692
15718
15744
15770
15796
15822
15848
15874
15900
15926
15952
15978
16004
16030
16056
16082
16108
16134
16160
16186
16212
16238
16264
16290
16316
16342
16368
16394
16420
16446
16472
16498
16524
16550
16576
16602
16628
16654
16680
16706
16732
16758
16784
16810
16836
16862
16888
16914
16940
16966
16992
17018
17044
17070
17096
17122
17148
17174
17200
17226
17252
17278
17304
17330
17356
17382
17408
17434
17460
17486
17512
17538
17564
17590
17616
17642
17668
17694
17720
17746
17772
17798
17824
17850
17876
17902
17928
17954
17980
18006
18032
18058
18084
18110
18136
18162
18188
18214
18240
18266
18292
18318
18344
18370
18396
18422
18448
18474
18500
18526
18552
18578
18604
18630
18656
18682
18708
18734
18760
18786
18812
18838
18864
18890
18916
18942
18968
18994
19020
19046
19072
19098
19124
19150
19176
19202
19228
19254
19280
19306
19332
19358
19384
19410
19436
19462
19488
19514
19540
19566
19592
19618
19644
19670
19696
19722
19748
19774
19800
19826
19852
19878
19904
19930
19956
19982
20008
20034
20060
20086
20112
20138
20164
20190
20216
20242
20268
20294
20320
20346
20372
20398
20424
20450
20476
20502
20528
20554
20580
20606
20632
20658
20684
20710
20736
20762
20788
20814
20840
20866
20892
20918
20944
20970
20996
21022
21048
21074
21100
21126
21152
21178
21204
21230
21256
21282
21308
21334
21360
21386
21412
21438
21464
21490
21516
21542
21568
21594
21620
21646
21672
21698
21724
21750
21776
21802
21828
21854
21880
21906
21932
21958
21984
22010
22036
22062
22088
22114
22140
22166
22192
22218
22244
22270
22296
22322
22348
22374
22400
22426
22452
22478
22504
22530
22556
22582
22608
22634
22660
22686
22712
22738
22764
22790
22816
22842
22868
22894
22920
22946
22972
22998
23024
23050
23076
23102
23128
23154
23180
23206
23232
23258
23284
23310
23336
23362
23388
23414
23440
23466
23492
23518
23544
23570
23596
23622
23648
23674
23700
23726
23752
23778
23804
23830
23856
23882
23908
23934
23960
23986
24012
24038
24064
24090
24116
24142
24168
24194
24220
24246
24272
24298
24324
24350
24376
24402
24428
24454
24480
24506
24532
24558
24584
24610
24636
24662
24688
24714
24740
24766
24792
24818
24844
24870
24896
24922
24948
24974
25000
25026
25052
25078
25104
25130
25156
25182
25208
25234
25260
25286
25312
25338
25364
25390
25416
25442
25468
25494
25520
25546
25572
25598
25624
25650
25676
25702
25728
25754
25780
25806
25832
25858
25884
25910
25936
25962
25988
26014
26040
26066
26092
26118
26144
26170
26196
26222
26248
26274
26300
26326
26352
26378
26404
26430
26456
26482
26508
26534
26560
26586
26612
26638
26664
26690
26716
26742
26768
26794
26820
26846
26872
26898
26924
26950
26976
27002
27028
27054
27080
27106
27132
27158
27184
27210
27236
27262
27288
27314
27340
27366
27392
27418
27444
27470
27496
27522
27548
27574
27600
27626
