53
67
67
82
91
133
276
281
295
316
413
435
445
486
495
526
549
623
684
691
716
735
763
771
802
846
855
887
894
946
951
953
969
971
976
999
1074
1081
1099
1125
1177
1205
1212
1213
1214
1226
1261
1307
1307
1313
1380
1439
1441
1444
1487
1530
1599
1685
1830
1849
1849
1859
1873
1944
1976
1998
2105
2156
2157
2179
2199
2210
2342
2355
2365
2377
2411
2414
2417
2428
2443
2487
2621
2669
2669
2741
2755
2761
2810
2824
2827
2885
2910
2917
2960
3006
3062
3074
3078
3087
3091
3115
3141
3179
3192
3234
3250
3250
3256
3268
3288
3317
3334
3370
3390
3423
3424
3477
3556
3587
3645
3657
3677
3699
3701
3937
3979
3995
4009
4066
4069
4109
4111
4171
4182
4196
4198
4207
4213
4250
4288
4334
4425
4466
4475
4485
4559
4571
4677
4714
4738
4785
4812
4952
4959
4996
5014
5023
5058
5086
5137
5162
5162
5171
5188
5208
5253
5269
5276
5362
5427
5432
5502
5522
5537
5581
5586
5597
5636
5669
5670
5674
5681
5686
5741
5800
5855
5863
5911
5918
5929
5943
5945
5966
6006
6018
6030
6107
6172
6179
6182
6275
6291
6314
6343
6343
6347
6465
6513
6515
6587
6623
6649
6693
6698
6702
6720
6725
6744
6749
6831
6833
6857
6858
6867
6881
6886
6925
6925
7044
7091
7101
7110
7148
7194
7234
7316
7325
7354
7413
7423
7450
7514
7523
7531
7590
7607
7632
7698
7754
7843
7873
7905
7940
7955
7979
8009
8035
8040
8067
8068
8101
8124
8142
8168
8214
8218
8282
8286
8290
8363
8365
8375
8416
8417
8453
8471
8479
8512
8533
8554
8617
8652
8720
8722
8730
8752
8790
8805
8852
8931
8979
9035
9041
9050
9099
9104
9156
9162
9165
9175
9185
9205
9224
9251
9276
9293
9306
9313
9333
9392
9408
9434
9454
9474
9503
9552
9585
9587
9635
9721
9750
9796
9878
9886
9913
10000
10002
10023
10028
10095
10118
10162
10165
10170
10207
10246
10297
10305
10348
10368
10384
10395
10416
10420
10503
10528
10629
10686
10708
10809
10843
10911
10919
10924
10929
10954
10955
11013
11063
11099
11119
11141
11146
11148
11158
11158
11214
11247
11316
11332
11334
11382
11399
11426
11470
11514
11515
11517
11573
11647
11704
11708
11728
11785
11795
11805
11838
11849
11880
11922
11945
11991
12080
12097
12187
12199
12202
12240
12265
12296
12385
12410
12463
12477
12543
12673
12725
12732
12742
12743
12805
12844
12885
12920
12934
12953
12957
13001
13016
13027
13040
13073
13074
13113
13128
13182
13228
13236
13258
13289
13296
13350
13452
13488
13545
13553
13629
13644
13685
13692
13719
13727
13765
13785
13789
13884
13924
13925
13939
13946
14069
14090
14287
14361
14361
14398
14446
14489
14502
14551
14615
14622
14652
14674
14726
14747
14753
14766
14789
14833
14906
14926
14929
14930
14958
14968
15066
15072
15081
15091
15101
15315
15321
15332
15361
15365
15377
15389
15400
15438
15633
15666
15681
15694
15862
15866
15921
16038
16069
16083
16084
16089
16187
16199
16355
16387
16434
16446
16471
16491
16511
16535
16567
16641
16655
16741
16789
16863
16868
16874
16937
16990
17011
17014
17037
17078
17091
17092
17105
17119
17149
17152
17207
17223
17275
17306
17309
17334
17353
17397
17408
17414
17511
17531
17597
17643
17674
17677
17681
17726
17737
17774
17840
17847
17857
17874
17909
17919
17942
17956
18005
18076
18091
18100
18123
18156
18169
18192
18217
18264
18298
18299
18437
18466
18469
18479
18534
18573
18579
18585
18651
18658
18668
18687
18747
18762
18779
18781
18791
18829
18864
18896
18925
18957
18967
19038
19104
19166
19248
19253
19275
19287
19344
19346
19412
19453
19477
19560
19578
19691
19707
19735
19792
19804
19810
19813
19842
19848
19899
19926
19972
19974
19988
20019
20104
20177
20179
20180
20208
20241
20242
20247
20252
20271
20277
20342
20352
20356
20367
20411
20416
20471
20533
20558
20575
20627
20656
20675
20701
20703
20754
20757
20793
20793
20808
20823
20854
20873
20891
20946
20994
21015
21018
21120
21162
21191
21234
21289
21317
21331
21339
21440
21456
21474
21502
21507
21618
21723
21734
21734
21739
21754
21799
21815
21838
21943
21986
21995
22000
22090
22135
22162
22177
22193
22264
22369
22465
22476
22570
22672
22701
22716
22716
22720
22734
22749
22752
22813
22833
22882
22896
22975
23014
23025
23071
23107
23115
23208
23220
23233
23293
23321
23342
23364
23368
23408
23514
23515
23545
23549
23559
23575
23591
23595
23640
23660
23668
23699
23723
23725
23732
23750
23772
23778
23876
23942
23969
23991
24068
24146
24156
24172
24251
24265
24373
24391
24417
24426
24434
24439
24463
24487
24525
24556
24614
24641
24642
24686
24740
24751
24783
24910
24970
24990
24997
25012
25026
25038
25083
25106
25170
25175
25186
25196
25208
25222
25230
25247
25291
25335
25345
25358
25390
25409
25430
25441
25478
25481
25531
25564
25626
25634
25643
25646
25678
25751
25760
25762
25766
25773
25798
25822
25914
25939
25946
25948
25980
25990
26016
26044
26066
26119
26165
26249
26255
26269
26285
26299
26345
26373
26381
26439
26500
26635
26722
26839
26887
26907
26908
26918
27004
27005
27006
27084
27093
27123
27125
27145
27164
27238
27271
27284
27308
27312
27399
27409
27417
27457
27522
27575
27578
27597
27633
27639
27640
27657
27661
27674
27748
27827
27836
27838
27897
27905
27984
27986
27992
28098
28176
28203
28223
28225
28302
28368
28376
28389
28408
28451
28464
28533
28579
28651
28688
28705
28715
28733
28746
28840
28849
28855
28876
28953
28964
29006
29023
29070
29078
29108
29164
29221
29246
29331
29384
29471
29478
29590
29669
29760
29761
29762
29772
29837
29853
29869
29889
29898
29916
29927
29936
29984
29985
29991
30013
30034
30069
30150
30211
30320
30357
30413
30442
30500
30527
30588
30621
30651
30654
30683
30736
30804
30868
30916
30956
31023
31039
31112
31123
31145
31156
31159
31267
31288
31295
31532
31535
31542
31570
31579
31721
31755
31814
31821
31848
31880
31884
31944
32000
32002
32003
32006
32011
32096
32114
32121
32132
32278
32297
32313
32332
32336
32387
32453
32513
32541
32570
32680
32713
32729
32749
