238
338
455
533
622
622
622
622
622
622
622
622
622
622
622
622
622
622
622
622
622
622
622
622
622
622
622
622
622
622
622
685
1043
1575
1626
1626
1626
1626
1626
1626
1626
1626
1626
1626
1626
1626
1626
1626
1626
1626
1626
1626
1626
1626
1626
1626
1626
1626
1626
1626
1626
1668
1841
1902
2000
2167
2346
2386
2402
2428
2841
2841
2841
2841
2841
2841
2841
2841
2841
2841
2841
2841
2841
3007
3058
3312
3544
3544
3544
3544
3544
3544
3544
3544
3544
3544
3544
3544
3544
3544
3544
3544
3544
3544
3544
3544
3544
3544
3544
3556
3611
3717
4069
4069
4069
4069
4069
4069
4069
4069
4069
4069
4069
4069
4069
4069
4069
4069
4069
4069
4069
4069
4069
4069
4069
4069
4069
4069
4069
4069
4224
4319
4355
4701
4741
4826
4979
5086
5319
5461
5711
5711
5711
5711
5711
5711
5711
5711
5711
5711
5711
5711
5711
5711
5711
5711
5711
5711
5711
5711
5711
5711
5711
5711
5711
5711
5711
5711
5711
5711
5711
5711
5711
5721
5734
5869
5869
5869
5869
5869
5869
5869
5869
5869
5869
5869
5869
5869
5869
5869
5869
5869
5869
5869
5869
5869
5869
5869
5869
6026
6026
6026
6026
6026
6026
6026
6026
6026
6026
6026
6026
6026
6026
6026
6026
6026
6026
6026
6026
6026
6026
6026
6103
6140
6140
6140
6140
6140
6140
6140
6140
6140
6140
6140
6140
6140
6140
6140
6140
6140
6140
6140
6140
6245
6332
6352
6384
6568
6710
7020
7083
7105
7142
7347
7424
7480
7542
7733
7993
8078
8566
8656
9019
9019
9019
9019
9019
9019
9019
9019
9019
9019
9019
9019
9019
9019
9019
9019
9019
9019
9019
9019
9019
9019
9019
9019
9019
9019
9019
9019
9019
9019
9770
9857
10192
10284
10633
10981
11225
11234
11361
11445
11572
11616
11750
11903
11948
11948
11948
11948
11948
11948
11948
11948
11948
11948
11948
11948
11948
11948
11948
11948
11948
11948
11948
11948
11948
11948
11948
11948
11948
11948
11948
11948
11948
11948
11948
12152
12364
12426
12426
12426
12426
12426
12426
12426
12426
12426
12426
12426
12426
12426
12426
12426
12426
12426
12426
12426
12426
12426
12426
12426
12426
12426
12426
12426
12430
12713
12839
12839
12839
12839
12839
12839
12839
12839
12839
12839
12839
12839
12839
12839
12839
12839
12839
12839
12839
12839
12839
12839
12839
12839
12839
12839
12940
13016
13153
13153
13153
13153
13153
13153
13153
13153
13153
13153
13153
13153
13153
13153
13153
13153
13153
13153
13153
13153
13153
13153
13153
13153
13153
13153
13153
13179
13179
13179
13179
13179
13179
13179
13179
13179
13179
13179
13179
13179
13179
13179
13179
13179
13179
13179
13179
13179
13179
13179
13221
13523
13523
13523
13523
13523
13523
13523
13523
13523
13523
13523
13523
13523
13523
13523
13523
13523
13523
13523
13523
13523
13523
13523
13523
13523
13523
13523
13523
13523
13523
13523
13873
13983
13997
14325
14348
14348
14348
14348
14348
14348
14348
14348
14348
14348
14348
14348
14348
14348
14348
14348
14564
14656
15001
15051
15151
15303
15337
15351
15694
15694
15694
15694
15694
15694
15694
15694
15694
15694
15694
15694
15694
15694
15694
15694
15694
15694
15694
16459
16554
16609
16660
16947
16948
16978
17599
17624
17624
17624
17624
17624
17624
17624
17624
17624
17624
17624
17624
17624
17624
17624
17624
17624
17624
17624
17624
17624
17624
17624
17624
17624
17624
17624
17624
17624
17624
17624
17624
17624
18139
18152
18167
18167
18167
18167
18167
18167
18167
18167
18167
18167
18167
18167
18167
18167
18167
18167
18167
18167
18167
18167
18167
18167
18167
18167
18167
18167
18167
18167
18167
18271
18305
18305
18305
18305
18305
18305
18305
18305
18305
18305
18305
18305
18305
18305
18305
18305
18305
18305
18488
18617
18889
18969
18969
18969
18969
18969
18969
18969
18969
18969
18969
18969
18969
18969
18969
18969
18969
18969
18969
18969
18969
18969
18969
18969
18969
18969
18969
18969
18969
18969
18969
18969
18969
18992
18992
18992
18992
18992
18992
18992
18992
18992
18992
18992
18992
18992
18992
18992
18992
18992
18992
18992
18992
18992
18992
18992
18992
18992
18992
18992
18992
19071
19072
19275
19402
19741
19905
19999
20140
20230
20384
20481
20624
20674
20772
20772
20772
20772
20772
20772
20772
20772
20772
20772
20772
20772
20772
20772
20772
20772
20772
20772
20772
20772
20772
20772
20772
20772
20772
20772
20772
20772
20772
20772
21196
21200
21200
21200
21200
21200
21200
21200
21200
21200
21200
21200
21200
21200
21200
21200
21200
21200
21200
21200
21200
21200
21200
21200
21200
21200
21200
21200
21200
21200
21244
21244
21244
21244
21244
21244
21244
21244
21244
21244
21244
21244
21244
21244
21244
21244
21244
21244
21244
21244
21244
21244
21244
21244
21244
21892
21892
21892
21892
21892
21892
21892
21892
21892
21892
21892
21892
21892
21892
21892
21892
21892
21892
21892
21892
21892
21892
21892
21892
21892
21892
21892
21892
21892
21892
21892
21892
21892
21892
21942
22197
22236
22731
22982
23138
23138
23138
23138
23138
23138
23138
23138
23138
23138
23138
23138
23138
23138
23138
23138
23138
23138
23138
23138
23138
23138
23138
23138
23154
23342
23615
23615
23615
23615
23615
23615
23615
23615
23615
23615
23615
23615
23615
23615
23615
23615
23615
23615
23615
23615
23615
23615
23615
23615
23615
23615
23733
23879
23911
24048
24074
24193
24253
24290
24465
24568
24812
24943
25456
25456
25456
25456
25456
25456
25456
25456
25456
25456
25456
25456
25456
25456
25456
25574
25743
25768
25801
26014
26048
26053
26410
26775
26810
27445
27842
27845
27921
28312
28602
28966
28966
28966
28966
28966
28966
28966
28966
28966
28966
28966
28966
28966
28966
28966
28966
28966
28966
28966
28966
28966
28966
28966
28966
28966
28966
28966
28966
28966
28966
28966
29020
29616
29828
29888
29940
29957
29957
29957
29957
29957
29957
29957
29957
29957
29957
29957
29957
29957
29957
29957
29957
29957
29957
29957
29957
29957
29957
29957
29957
29957
29957
29957
29957
29957
29957
30116
30142
30240
30340
30372
30716
30719
31423
31603
31942
32027
32042
32624
